NACA 2412 theta = -16	
0.991596545	-0.05458631
0.991375604	-0.054469918
0.990712974	-0.054120962
0.989609142	-0.053540066
0.98806493	-0.052728305
0.986081434	-0.051687221
0.983659989	-0.050418868
0.980802123	-0.048925865
0.977509493	-0.047211455
0.973783828	-0.045279583
0.969626861	-0.043134954
0.965040266	-0.040783128
0.960025619	-0.03823059
0.954584322	-0.035484824
0.948717595	-0.032554397
0.942426436	-0.029449014
0.935711649	-0.026179591
0.928573832	-0.022758281
0.921013461	-0.019198526
0.913030929	-0.015515053
0.90462668	-0.011723874
0.895801296	-0.007842242
0.886555691	-0.003888596
0.876891254	0.000117545
0.866810071	0.004155704
0.856315103	0.008204638
0.84541044	0.012242535
0.834101502	0.016247284
0.822395273	0.020196769
0.810300479	0.024069222
0.797827822	0.027843597
0.784990068	0.031499998
0.771802231	0.035020119
0.758281595	0.038387707
0.744447758	0.041589038
0.730322648	0.044613368
0.715930356	0.047453395
0.701297124	0.050105647
0.686451104	0.05257084
0.671422206	0.054854164
0.656241872	0.05696548
0.640942863	0.05891942
0.625559037	0.060735385
0.610125177	0.062437412
0.594670414	0.064054067
0.579141712	0.06560945
0.563530506	0.06710333
0.547852351	0.06853154
0.532122868	0.069889983
0.516357761	0.071174642
0.500572797	0.072381597
0.4847838	0.073507028
0.469006627	0.074547236
0.453257145	0.075498653
0.437551213	0.076357865
0.42190468	0.077121619
0.406333356	0.077786847
0.390758813	0.078344766
0.375259676	0.078768238
0.359882264	0.079052829
0.344642739	0.079197274
0.329557181	0.079200693
0.31464152	0.079062617
0.299911548	0.078782982
0.285382859	0.078362149
0.271070845	0.077800898
0.256990682	0.077100442
0.243157299	0.076262418
0.229585326	0.075288889
0.216289135	0.074182342
0.203282733	0.072945673
0.190579841	0.071582183
0.178193787	0.070095557
0.166137519	0.068489856
0.154423612	0.066769489
0.143064201	0.064939193
0.132070993	0.063004009
0.121455272	0.060969248
0.111227816	0.058840467
0.101398982	0.056623429
0.091978607	0.054324067
0.082976054	0.051948452
0.07440017	0.049502748
0.066259298	0.046993172
0.058561288	0.044425954
0.051313454	0.041807294
0.044522576	0.039143315
0.038194935	0.036440028
0.032336303	0.033703285
0.026951874	0.030938735
0.022046377	0.02815179
0.017623998	0.025347583
0.013688404	0.022530934
0.010242764	0.019706313
0.0072897	0.016877807
0.004831358	0.014049102
0.002869355	0.011223444
0.001404841	0.008403628
0.000438446	0.005591976
-2.97304E-05	0.002790319
0	0
0.00052317	-0.00274099
0.001534826	-0.005394892
0.003033195	-0.007961055
0.005015943	-0.0104388
0.007480302	-0.01282741
0.01042305	-0.015126141
0.013840474	-0.017334239
0.017728434	-0.019450938
0.022082316	-0.021475488
0.026897107	-0.023407158
0.032167358	-0.025245254
0.037887211	-0.026989143
0.044050439	-0.028638259
0.050650372	-0.030192138
0.057680022	-0.03165042
0.065132032	-0.033012874
0.072998674	-0.034279423
0.081271904	-0.035450153
0.089943372	-0.03652533
0.099004399	-0.037505423
0.108446006	-0.038391113
0.118258942	-0.039183302
0.128433658	-0.039883135
0.138960379	-0.040491997
0.149829017	-0.041011524
0.161029282	-0.041443607
0.172550615	-0.041790396
0.184382223	-0.042054291
0.196513105	-0.042237948
0.208932015	-0.042344261
0.221627487	-0.042376366
0.23458788	-0.042337616
0.247801285	-0.04223158
0.261255644	-0.042062012
0.274938655	-0.041832846
0.288837849	-0.041548167
0.302940562	-0.041212188
0.317233928	-0.040829233
0.331704899	-0.040403706
0.346340267	-0.039940068
0.36112663	-0.039442804
0.376050436	-0.038916407
0.391097945	-0.03836534
0.40628533	-0.03779127
0.421660854	-0.03717434
0.437115553	-0.03651273
0.452634541	-0.035810127
0.468202853	-0.035070193
0.48380544	-0.034296537
0.499427203	-0.033492709
0.515052999	-0.032662169
0.530667652	-0.031808285
0.546255963	-0.030934309
0.561802728	-0.030043378
0.577292754	-0.029138493
0.5927109	-0.028222519
0.608017906	-0.027301057
0.623128998	-0.026400994
0.638040844	-0.025556003
0.652755251	-0.024795027
0.667272518	-0.024142356
0.681591345	-0.023617837
0.695708787	-0.023237084
0.709620305	-0.023011695
0.723319833	-0.02294947
0.736799961	-0.023054648
0.75005202	-0.023328144
0.763066363	-0.023767822
0.775832472	-0.024368757
0.788339177	-0.025123538
0.800574864	-0.026022567
0.812527582	-0.027054378
0.824185272	-0.028205959
0.835535818	-0.029463076
0.846567227	-0.030810596
0.857267673	-0.032232798
0.867625598	-0.033713675
0.877629742	-0.035237211
0.887269217	-0.036787644
0.896533503	-0.038349686
0.905412494	-0.039908734
0.913896487	-0.041451025
0.921976222	-0.042963779
0.929642861	-0.044435292
0.936888026	-0.045855002
0.943703775	-0.047213521
0.950082639	-0.048502636
0.956017605	-0.049715281
0.961502146	-0.050845488
0.966530221	-0.051888312
0.971096293	-0.052839746
0.975195325	-0.053696618
0.978822793	-0.05445648
0.981974705	-0.055117506
0.984647587	-0.055678369
0.986838502	-0.056138148
0.988545038	-0.056496226
0.989765328	-0.056752217
0.990498039	-0.056905891
0.990742358	-0.056957125
