NACA 2412 theta = -10	
0.996136073	-0.033882286
0.995904176	-0.033789626
0.995208703	-0.033511845
0.994050211	-0.033049512
0.992429651	-0.032403595
0.990348318	-0.031575477
0.987807837	-0.030566979
0.984810137	-0.029380396
0.981357413	-0.028018532
0.977452102	-0.026484752
0.973096838	-0.024783014
0.968294421	-0.022917926
0.963047799	-0.020894792
0.957360022	-0.018719649
0.951234238	-0.016399317
0.944673676	-0.013941425
0.937681658	-0.011354446
0.930261591	-0.008647706
0.92241702	-0.0058314
0.914151634	-0.002916572
0.905469356	8.48965E-05
0.896374367	0.003160335
0.886871227	0.006296335
0.876964938	0.009478837
0.866661065	0.012693219
0.85596582	0.015924438
0.844886205	0.019157156
0.833430105	0.022375925
0.821606426	0.025565366
0.809425164	0.028710391
0.796897563	0.031796429
0.78403613	0.034809678
0.770854773	0.037737362
0.757368795	0.040567999
0.743594936	0.043291677
0.729551419	0.045900304
0.715257829	0.048387885
0.700735179	0.050750733
0.686005754	0.052987696
0.671093068	0.055100319
0.656021738	0.057092983
0.640817375	0.058972986
0.625506451	0.060750576
0.610116188	0.062438912
0.594670414	0.064054067
0.579141712	0.06560945
0.563530506	0.06710333
0.547852351	0.06853154
0.532122868	0.069889983
0.516357761	0.071174642
0.500572797	0.072381597
0.4847838	0.073507028
0.469006627	0.074547236
0.453257145	0.075498653
0.437551213	0.076357865
0.42190468	0.077121619
0.406333356	0.077786847
0.390758813	0.078344766
0.375259676	0.078768238
0.359882264	0.079052829
0.344642739	0.079197274
0.329557181	0.079200693
0.31464152	0.079062617
0.299911548	0.078782982
0.285382859	0.078362149
0.271070845	0.077800898
0.256990682	0.077100442
0.243157299	0.076262418
0.229585326	0.075288889
0.216289135	0.074182342
0.203282733	0.072945673
0.190579841	0.071582183
0.178193787	0.070095557
0.166137519	0.068489856
0.154423612	0.066769489
0.143064201	0.064939193
0.132070993	0.063004009
0.121455272	0.060969248
0.111227816	0.058840467
0.101398982	0.056623429
0.091978607	0.054324067
0.082976054	0.051948452
0.07440017	0.049502748
0.066259298	0.046993172
0.058561288	0.044425954
0.051313454	0.041807294
0.044522576	0.039143315
0.038194935	0.036440028
0.032336303	0.033703285
0.026951874	0.030938735
0.022046377	0.02815179
0.017623998	0.025347583
0.013688404	0.022530934
0.010242764	0.019706313
0.0072897	0.016877807
0.004831358	0.014049102
0.002869355	0.011223444
0.001404841	0.008403628
0.000438446	0.005591976
-2.97304E-05	0.002790319
0	0
0.00052317	-0.00274099
0.001534826	-0.005394892
0.003033195	-0.007961055
0.005015943	-0.0104388
0.007480302	-0.01282741
0.01042305	-0.015126141
0.013840474	-0.017334239
0.017728434	-0.019450938
0.022082316	-0.021475488
0.026897107	-0.023407158
0.032167358	-0.025245254
0.037887211	-0.026989143
0.044050439	-0.028638259
0.050650372	-0.030192138
0.057680022	-0.03165042
0.065132032	-0.033012874
0.072998674	-0.034279423
0.081271904	-0.035450153
0.089943372	-0.03652533
0.099004399	-0.037505423
0.108446006	-0.038391113
0.118258942	-0.039183302
0.128433658	-0.039883135
0.138960379	-0.040491997
0.149829017	-0.041011524
0.161029282	-0.041443607
0.172550615	-0.041790396
0.184382223	-0.042054291
0.196513105	-0.042237948
0.208932015	-0.042344261
0.221627487	-0.042376366
0.23458788	-0.042337616
0.247801285	-0.04223158
0.261255644	-0.042062012
0.274938655	-0.041832846
0.288837849	-0.041548167
0.302940562	-0.041212188
0.317233928	-0.040829233
0.331704899	-0.040403706
0.346340267	-0.039940068
0.36112663	-0.039442804
0.376050436	-0.038916407
0.391097945	-0.03836534
0.40628533	-0.03779127
0.421660854	-0.03717434
0.437115553	-0.03651273
0.452634541	-0.035810127
0.468202853	-0.035070193
0.48380544	-0.034296537
0.499427203	-0.033492709
0.515052999	-0.032662169
0.530667652	-0.031808285
0.546255963	-0.030934309
0.561802728	-0.030043378
0.577292754	-0.029138493
0.5927109	-0.028222519
0.608026955	-0.027299979
0.623182299	-0.026388692
0.638169273	-0.025510777
0.652983547	-0.024685414
0.667619973	-0.023928838
0.682072545	-0.023254429
0.696334364	-0.022672822
0.71039766	-0.02219203
0.724253807	-0.021817579
0.73789344	-0.021552658
0.751306447	-0.021398283
0.764482168	-0.021353477
0.777409406	-0.021415458
0.790076562	-0.021579836
0.80247176	-0.021840822
0.814582885	-0.022191436
0.826397754	-0.022623725
0.837904123	-0.023128973
0.849089829	-0.023697908
0.859942821	-0.024320908
0.870451247	-0.024988186
0.880603482	-0.025689969
0.890388216	-0.026416661
0.899794455	-0.027158981
0.90881159	-0.027908093
0.917429396	-0.028655698
0.925638096	-0.029394126
0.93342835	-0.03011638
0.940791313	-0.030816189
0.947718613	-0.031488011
0.954202402	-0.032127036
0.960235339	-0.032729165
0.965810625	-0.033290974
0.970921991	-0.033809668
0.975563728	-0.034283019
0.979730661	-0.034709301
0.98341817	-0.035087224
0.986622194	-0.035415858
0.989339213	-0.035694564
0.991566261	-0.035922928
0.99330091	-0.036100699
0.994541284	-0.036227741
0.995286047	-0.036303984
0.995534383	-0.0363294
