NACA 2412 theta = -6	
0.998262366	-0.019895226
0.998024571	-0.019818969
0.997311416	-0.019590378
0.996123504	-0.019209981
0.994461864	-0.018678669
0.992327911	-0.017997703
0.989723445	-0.017168729
0.986650633	-0.016193796
0.983111987	-0.015075372
0.979110359	-0.01381638
0.974648907	-0.012420205
0.969731079	-0.01089073
0.964360613	-0.009232358
0.958541495	-0.007450025
0.952277974	-0.005549229
0.945574532	-0.003536035
0.938435913	-0.001417094
0.930867095	0.000800372
0.922873333	0.003108552
0.91446015	0.005499083
0.905633393	0.007963058
0.896399227	0.010491069
0.886764217	0.013073247
0.876735341	0.015699321
0.866320069	0.018358686
0.855526379	0.02104049
0.844362853	0.023733721
0.832838711	0.026427318
0.820963889	0.029110286
0.808749059	0.031771828
0.796205734	0.034401477
0.783346249	0.036989248
0.770183861	0.039525781
0.756732728	0.042002502
0.743007937	0.044411771
0.729025556	0.046747034
0.714802526	0.049002974
0.700356757	0.051175634
0.685707002	0.053262548
0.670872865	0.055262841
0.655874719	0.057177311
0.640733654	0.059008487
0.625471386	0.060760667
0.610110196	0.062439911
0.594670414	0.064054067
0.579141712	0.06560945
0.563530506	0.06710333
0.547852351	0.06853154
0.532122868	0.069889983
0.516357761	0.071174642
0.500572797	0.072381597
0.4847838	0.073507028
0.469006627	0.074547236
0.453257145	0.075498653
0.437551213	0.076357865
0.42190468	0.077121619
0.406333356	0.077786847
0.390758813	0.078344766
0.375259676	0.078768238
0.359882264	0.079052829
0.344642739	0.079197274
0.329557181	0.079200693
0.31464152	0.079062617
0.299911548	0.078782982
0.285382859	0.078362149
0.271070845	0.077800898
0.256990682	0.077100442
0.243157299	0.076262418
0.229585326	0.075288889
0.216289135	0.074182342
0.203282733	0.072945673
0.190579841	0.071582183
0.178193787	0.070095557
0.166137519	0.068489856
0.154423612	0.066769489
0.143064201	0.064939193
0.132070993	0.063004009
0.121455272	0.060969248
0.111227816	0.058840467
0.101398982	0.056623429
0.091978607	0.054324067
0.082976054	0.051948452
0.07440017	0.049502748
0.066259298	0.046993172
0.058561288	0.044425954
0.051313454	0.041807294
0.044522576	0.039143315
0.038194935	0.036440028
0.032336303	0.033703285
0.026951874	0.030938735
0.022046377	0.02815179
0.017623998	0.025347583
0.013688404	0.022530934
0.010242764	0.019706313
0.0072897	0.016877807
0.004831358	0.014049102
0.002869355	0.011223444
0.001404841	0.008403628
0.000438446	0.005591976
-2.97304E-05	0.002790319
0	0
0.00052317	-0.00274099
0.001534826	-0.005394892
0.003033195	-0.007961055
0.005015943	-0.0104388
0.007480302	-0.01282741
0.01042305	-0.015126141
0.013840474	-0.017334239
0.017728434	-0.019450938
0.022082316	-0.021475488
0.026897107	-0.023407158
0.032167358	-0.025245254
0.037887211	-0.026989143
0.044050439	-0.028638259
0.050650372	-0.030192138
0.057680022	-0.03165042
0.065132032	-0.033012874
0.072998674	-0.034279423
0.081271904	-0.035450153
0.089943372	-0.03652533
0.099004399	-0.037505423
0.108446006	-0.038391113
0.118258942	-0.039183302
0.128433658	-0.039883135
0.138960379	-0.040491997
0.149829017	-0.041011524
0.161029282	-0.041443607
0.172550615	-0.041790396
0.184382223	-0.042054291
0.196513105	-0.042237948
0.208932015	-0.042344261
0.221627487	-0.042376366
0.23458788	-0.042337616
0.247801285	-0.04223158
0.261255644	-0.042062012
0.274938655	-0.041832846
0.288837849	-0.041548167
0.302940562	-0.041212188
0.317233928	-0.040829233
0.331704899	-0.040403706
0.346340267	-0.039940068
0.36112663	-0.039442804
0.376050436	-0.038916407
0.391097945	-0.03836534
0.40628533	-0.03779127
0.421660854	-0.03717434
0.437115553	-0.03651273
0.452634541	-0.035810127
0.468202853	-0.035070193
0.48380544	-0.034296537
0.499427203	-0.033492709
0.515052999	-0.032662169
0.530667652	-0.031808285
0.546255963	-0.030934309
0.561802728	-0.030043378
0.577292754	-0.029138493
0.5927109	-0.028222519
0.608032987	-0.02729926
0.623217827	-0.026380455
0.638254844	-0.025480413
0.653135533	-0.024611648
0.667850976	-0.023784854
0.682391823	-0.023008949
0.696748283	-0.022291124
0.710910123	-0.021636922
0.724866683	-0.021050313
0.738606945	-0.020533791
0.752119497	-0.020088483
0.765392688	-0.019714256
0.778414596	-0.01940985
0.791173111	-0.019172999
0.803656032	-0.019000566
0.815851056	-0.018888685
0.827745916	-0.018832884
0.839328364	-0.018828236
0.850586283	-0.018869471
0.861507703	-0.018951119
0.87208087	-0.019067613
0.882294267	-0.019213404
0.892136692	-0.019383058
0.901597257	-0.019571338
0.910665451	-0.019773282
0.919331142	-0.019984258
0.927584645	-0.020200013
0.935416699	-0.020416703
0.942818538	-0.020630915
0.949781863	-0.020839675
0.956298896	-0.021040438
0.962362363	-0.021231079
0.967965523	-0.021409864
0.973102166	-0.021575424
0.977766633	-0.021726709
0.981953795	-0.021862956
0.985659072	-0.021983637
0.988878435	-0.022088418
0.991608393	-0.022177113
0.993846001	-0.022249645
0.995588849	-0.022306001
0.996835071	-0.022346214
0.997583339	-0.02237032
0.997832843	-0.022378351
