NACA 2412 theta = -24	
0.983081113	-0.081460004
0.98287852	-0.081313995
0.982270901	-0.080876213
0.981258639	-0.080147345
0.979842367	-0.079128579
0.978022886	-0.077821627
0.975801102	-0.07622879
0.973177939	-0.074353026
0.970154235	-0.072198028
0.966730638	-0.069768336
0.962907496	-0.067069419
0.958684738	-0.064107804
0.954061796	-0.060891187
0.949037495	-0.057428541
0.943610007	-0.053730244
0.937776801	-0.049808183
0.931534659	-0.045675875
0.924879681	-0.041348536
0.917807394	-0.036843195
0.910312846	-0.03217872
0.902390808	-0.02737588
0.894035959	-0.022457319
0.885243193	-0.017447538
0.876007904	-0.012372788
0.866326358	-0.007260933
0.856196049	-0.002141226
0.845616128	0.002955972
0.834587794	0.007999558
0.823114701	0.012958134
0.81120331	0.01780054
0.79886326	0.022496459
0.786107579	0.027017103
0.772952934	0.031335939
0.759419689	0.035429478
0.745531922	0.039278066
0.731317369	0.04286666
0.716807138	0.046185592
0.702035532	0.049231226
0.687039612	0.052006536
0.671858839	0.054521544
0.656534639	0.056793589
0.641110004	0.05884741
0.625629131	0.060715032
0.610137162	0.06243541
0.594670414	0.064054067
0.579141712	0.06560945
0.563530506	0.06710333
0.547852351	0.06853154
0.532122868	0.069889983
0.516357761	0.071174642
0.500572797	0.072381597
0.4847838	0.073507028
0.469006627	0.074547236
0.453257145	0.075498653
0.437551213	0.076357865
0.42190468	0.077121619
0.406333356	0.077786847
0.390758813	0.078344766
0.375259676	0.078768238
0.359882264	0.079052829
0.344642739	0.079197274
0.329557181	0.079200693
0.31464152	0.079062617
0.299911548	0.078782982
0.285382859	0.078362149
0.271070845	0.077800898
0.256990682	0.077100442
0.243157299	0.076262418
0.229585326	0.075288889
0.216289135	0.074182342
0.203282733	0.072945673
0.190579841	0.071582183
0.178193787	0.070095557
0.166137519	0.068489856
0.154423612	0.066769489
0.143064201	0.064939193
0.132070993	0.063004009
0.121455272	0.060969248
0.111227816	0.058840467
0.101398982	0.056623429
0.091978607	0.054324067
0.082976054	0.051948452
0.07440017	0.049502748
0.066259298	0.046993172
0.058561288	0.044425954
0.051313454	0.041807294
0.044522576	0.039143315
0.038194935	0.036440028
0.032336303	0.033703285
0.026951874	0.030938735
0.022046377	0.02815179
0.017623998	0.025347583
0.013688404	0.022530934
0.010242764	0.019706313
0.0072897	0.016877807
0.004831358	0.014049102
0.002869355	0.011223444
0.001404841	0.008403628
0.000438446	0.005591976
-2.97304E-05	0.002790319
0	0
0.00052317	-0.00274099
0.001534826	-0.005394892
0.003033195	-0.007961055
0.005015943	-0.0104388
0.007480302	-0.01282741
0.01042305	-0.015126141
0.013840474	-0.017334239
0.017728434	-0.019450938
0.022082316	-0.021475488
0.026897107	-0.023407158
0.032167358	-0.025245254
0.037887211	-0.026989143
0.044050439	-0.028638259
0.050650372	-0.030192138
0.057680022	-0.03165042
0.065132032	-0.033012874
0.072998674	-0.034279423
0.081271904	-0.035450153
0.089943372	-0.03652533
0.099004399	-0.037505423
0.108446006	-0.038391113
0.118258942	-0.039183302
0.128433658	-0.039883135
0.138960379	-0.040491997
0.149829017	-0.041011524
0.161029282	-0.041443607
0.172550615	-0.041790396
0.184382223	-0.042054291
0.196513105	-0.042237948
0.208932015	-0.042344261
0.221627487	-0.042376366
0.23458788	-0.042337616
0.247801285	-0.04223158
0.261255644	-0.042062012
0.274938655	-0.041832846
0.288837849	-0.041548167
0.302940562	-0.041212188
0.317233928	-0.040829233
0.331704899	-0.040403706
0.346340267	-0.039940068
0.36112663	-0.039442804
0.376050436	-0.038916407
0.391097945	-0.03836534
0.40628533	-0.03779127
0.421660854	-0.03717434
0.437115553	-0.03651273
0.452634541	-0.035810127
0.468202853	-0.035070193
0.48380544	-0.034296537
0.499427203	-0.033492709
0.515052999	-0.032662169
0.530667652	-0.031808285
0.546255963	-0.030934309
0.561802728	-0.030043378
0.577292754	-0.029138493
0.5927109	-0.028222519
0.608005842	-0.027302492
0.623057914	-0.026417296
0.637869471	-0.025615705
0.652450277	-0.024939238
0.66680751	-0.024422449
0.680945594	-0.024093363
0.694866162	-0.023973869
0.708568167	-0.024080082
0.722048058	-0.024422688
0.73530011	-0.025007273
0.748316655	-0.025834662
0.761088542	-0.02690128
0.773605406	-0.028199517
0.785856036	-0.029718135
0.797828733	-0.031442689
0.809511528	-0.033355967
0.820892502	-0.03543846
0.831959909	-0.037668822
0.842702388	-0.040024344
0.853109024	-0.042481418
0.863169442	-0.045015975
0.872873805	-0.047603905
0.882212849	-0.050221446
0.891177829	-0.052845518
0.899760508	-0.055454037
0.907953082	-0.058026148
0.915748179	-0.060542449
0.923138774	-0.062985118
0.930118198	-0.065338033
0.936680073	-0.067586806
0.942818335	-0.069718807
0.948527195	-0.071723108
0.953801177	-0.073590431
0.958635108	-0.075313032
0.96302416	-0.07688458
0.966963852	-0.078300009
0.970450087	-0.079555359
0.973479186	-0.080647624
0.976047901	-0.081574573
0.978153445	-0.082334619
0.979793509	-0.08292666
0.980966284	-0.083349978
0.981670474	-0.083604128
0.981905284	-0.083688866
