NACA 2412 theta = -12	
0.994801776	-0.040825694
0.994573254	-0.040724998
0.993887897	-0.040423114
0.992746242	-0.039920632
0.991149196	-0.039218557
0.989097991	-0.038318327
0.986594159	-0.037221847
0.9836395	-0.035931524
0.980236038	-0.034450319
0.976385985	-0.0327818
0.97209169	-0.030930191
0.967355597	-0.028900436
0.962180219	-0.026698258
0.95656809	-0.024330203
0.950521751	-0.021803709
0.94404373	-0.019127133
0.937136561	-0.016309805
0.929802774	-0.013362039
0.922044955	-0.01029516
0.913865766	-0.007121487
0.905268048	-0.003854327
0.896254865	-0.000507922
0.886829644	0.002902603
0.87699627	0.006361334
0.866759232	0.009851675
0.856123739	0.013356499
0.845095894	0.01685831
0.833682825	0.020339447
0.821892849	0.023782307
0.809735575	0.027169611
0.797222086	0.03048467
0.784364978	0.033711704
0.771178511	0.036836149
0.757678614	0.039844991
0.743882931	0.042727102
0.729810856	0.045473556
0.715483406	0.048077962
0.700923258	0.050536733
0.686154577	0.052849353
0.671202937	0.055018583
0.656095169	0.057050617
0.640859217	0.058955173
0.625523981	0.060745519
0.610119185	0.062438412
0.594670414	0.064054067
0.579141712	0.06560945
0.563530506	0.06710333
0.547852351	0.06853154
0.532122868	0.069889983
0.516357761	0.071174642
0.500572797	0.072381597
0.4847838	0.073507028
0.469006627	0.074547236
0.453257145	0.075498653
0.437551213	0.076357865
0.42190468	0.077121619
0.406333356	0.077786847
0.390758813	0.078344766
0.375259676	0.078768238
0.359882264	0.079052829
0.344642739	0.079197274
0.329557181	0.079200693
0.31464152	0.079062617
0.299911548	0.078782982
0.285382859	0.078362149
0.271070845	0.077800898
0.256990682	0.077100442
0.243157299	0.076262418
0.229585326	0.075288889
0.216289135	0.074182342
0.203282733	0.072945673
0.190579841	0.071582183
0.178193787	0.070095557
0.166137519	0.068489856
0.154423612	0.066769489
0.143064201	0.064939193
0.132070993	0.063004009
0.121455272	0.060969248
0.111227816	0.058840467
0.101398982	0.056623429
0.091978607	0.054324067
0.082976054	0.051948452
0.07440017	0.049502748
0.066259298	0.046993172
0.058561288	0.044425954
0.051313454	0.041807294
0.044522576	0.039143315
0.038194935	0.036440028
0.032336303	0.033703285
0.026951874	0.030938735
0.022046377	0.02815179
0.017623998	0.025347583
0.013688404	0.022530934
0.010242764	0.019706313
0.0072897	0.016877807
0.004831358	0.014049102
0.002869355	0.011223444
0.001404841	0.008403628
0.000438446	0.005591976
-2.97304E-05	0.002790319
0	0
0.00052317	-0.00274099
0.001534826	-0.005394892
0.003033195	-0.007961055
0.005015943	-0.0104388
0.007480302	-0.01282741
0.01042305	-0.015126141
0.013840474	-0.017334239
0.017728434	-0.019450938
0.022082316	-0.021475488
0.026897107	-0.023407158
0.032167358	-0.025245254
0.037887211	-0.026989143
0.044050439	-0.028638259
0.050650372	-0.030192138
0.057680022	-0.03165042
0.065132032	-0.033012874
0.072998674	-0.034279423
0.081271904	-0.035450153
0.089943372	-0.03652533
0.099004399	-0.037505423
0.108446006	-0.038391113
0.118258942	-0.039183302
0.128433658	-0.039883135
0.138960379	-0.040491997
0.149829017	-0.041011524
0.161029282	-0.041443607
0.172550615	-0.041790396
0.184382223	-0.042054291
0.196513105	-0.042237948
0.208932015	-0.042344261
0.221627487	-0.042376366
0.23458788	-0.042337616
0.247801285	-0.04223158
0.261255644	-0.042062012
0.274938655	-0.041832846
0.288837849	-0.041548167
0.302940562	-0.041212188
0.317233928	-0.040829233
0.331704899	-0.040403706
0.346340267	-0.039940068
0.36112663	-0.039442804
0.376050436	-0.038916407
0.391097945	-0.03836534
0.40628533	-0.03779127
0.421660854	-0.03717434
0.437115553	-0.03651273
0.452634541	-0.035810127
0.468202853	-0.035070193
0.48380544	-0.034296537
0.499427203	-0.033492709
0.515052999	-0.032662169
0.530667652	-0.031808285
0.546255963	-0.030934309
0.561802728	-0.030043378
0.577292754	-0.029138493
0.5927109	-0.028222519
0.608023939	-0.027300339
0.623164533	-0.0263928
0.638126473	-0.025525895
0.65290749	-0.02472209
0.667504281	-0.024000338
0.681912446	-0.023376207
0.696126459	-0.022862017
0.710139684	-0.022466991
0.723944415	-0.022197422
0.737532008	-0.022056852
0.750892898	-0.022046254
0.764016825	-0.022164254
0.776892874	-0.02240734
0.789509632	-0.022770093
0.801855341	-0.023245435
0.813917958	-0.02382487
0.825685342	-0.024498737
0.837145275	-0.02525646
0.848285622	-0.026086796
0.85909436	-0.026978071
0.869559677	-0.02791841
0.879670002	-0.028895947
0.889414087	-0.029899016
0.898781013	-0.030916325
0.907760253	-0.031937105
0.916341666	-0.032951229
0.924515563	-0.033949317
0.932272687	-0.034922799
0.939604272	-0.035863968
0.946502016	-0.036765996
0.952958134	-0.037622939
0.958965338	-0.038429705
0.964516869	-0.039182022
0.969606494	-0.039876377
0.974228527	-0.040509949
0.978377812	-0.04108053
0.98204974	-0.041586444
0.985240257	-0.042026462
0.987945847	-0.042399716
0.990163544	-0.042705625
0.991890922	-0.042943813
0.993126104	-0.043114063
0.993867751	-0.043216252
0.994115048	-0.043250319
