NACA 2412 theta = -22	
0.985468804	-0.074835083
0.98526124	-0.074696234
0.984638713	-0.074279924
0.983601635	-0.073586828
0.982150687	-0.072618107
0.980286747	-0.071375436
0.978010832	-0.069861062
0.975324024	-0.068077868
0.972227373	-0.066029451
0.968721814	-0.06372022
0.964808055	-0.061155484
0.960486487	-0.05834156
0.955757106	-0.055285885
0.95061942	-0.05199711
0.945072406	-0.048485221
0.939114472	-0.044761628
0.932743467	-0.040839274
0.925956693	-0.036732695
0.918750998	-0.032458109
0.911122862	-0.028033441
0.90306858	-0.023478359
0.89458442	-0.018814248
0.885666902	-0.014064171
0.876313042	-0.009252763
0.866520688	-0.004406096
0.856288824	0.000448549
0.845617952	0.00528293
0.834510429	0.010068204
0.822970832	0.014775323
0.811006255	0.019375529
0.798626645	0.023840894
0.78584498	0.028144941
0.7726775	0.03226329
0.759143758	0.036174364
0.745266641	0.039860091
0.731072343	0.043306589
0.716590109	0.046504858
0.701852109	0.049451354
0.686893059	0.052148519
0.671749921	0.054605171
0.656461528	0.056836763
0.641068238	0.058865475
0.625611609	0.060720131
0.610134166	0.062435911
0.594670414	0.064054067
0.579141712	0.06560945
0.563530506	0.06710333
0.547852351	0.06853154
0.532122868	0.069889983
0.516357761	0.071174642
0.500572797	0.072381597
0.4847838	0.073507028
0.469006627	0.074547236
0.453257145	0.075498653
0.437551213	0.076357865
0.42190468	0.077121619
0.406333356	0.077786847
0.390758813	0.078344766
0.375259676	0.078768238
0.359882264	0.079052829
0.344642739	0.079197274
0.329557181	0.079200693
0.31464152	0.079062617
0.299911548	0.078782982
0.285382859	0.078362149
0.271070845	0.077800898
0.256990682	0.077100442
0.243157299	0.076262418
0.229585326	0.075288889
0.216289135	0.074182342
0.203282733	0.072945673
0.190579841	0.071582183
0.178193787	0.070095557
0.166137519	0.068489856
0.154423612	0.066769489
0.143064201	0.064939193
0.132070993	0.063004009
0.121455272	0.060969248
0.111227816	0.058840467
0.101398982	0.056623429
0.091978607	0.054324067
0.082976054	0.051948452
0.07440017	0.049502748
0.066259298	0.046993172
0.058561288	0.044425954
0.051313454	0.041807294
0.044522576	0.039143315
0.038194935	0.036440028
0.032336303	0.033703285
0.026951874	0.030938735
0.022046377	0.02815179
0.017623998	0.025347583
0.013688404	0.022530934
0.010242764	0.019706313
0.0072897	0.016877807
0.004831358	0.014049102
0.002869355	0.011223444
0.001404841	0.008403628
0.000438446	0.005591976
-2.97304E-05	0.002790319
0	0
0.00052317	-0.00274099
0.001534826	-0.005394892
0.003033195	-0.007961055
0.005015943	-0.0104388
0.007480302	-0.01282741
0.01042305	-0.015126141
0.013840474	-0.017334239
0.017728434	-0.019450938
0.022082316	-0.021475488
0.026897107	-0.023407158
0.032167358	-0.025245254
0.037887211	-0.026989143
0.044050439	-0.028638259
0.050650372	-0.030192138
0.057680022	-0.03165042
0.065132032	-0.033012874
0.072998674	-0.034279423
0.081271904	-0.035450153
0.089943372	-0.03652533
0.099004399	-0.037505423
0.108446006	-0.038391113
0.118258942	-0.039183302
0.128433658	-0.039883135
0.138960379	-0.040491997
0.149829017	-0.041011524
0.161029282	-0.041443607
0.172550615	-0.041790396
0.184382223	-0.042054291
0.196513105	-0.042237948
0.208932015	-0.042344261
0.221627487	-0.042376366
0.23458788	-0.042337616
0.247801285	-0.04223158
0.261255644	-0.042062012
0.274938655	-0.041832846
0.288837849	-0.041548167
0.302940562	-0.041212188
0.317233928	-0.040829233
0.331704899	-0.040403706
0.346340267	-0.039940068
0.36112663	-0.039442804
0.376050436	-0.038916407
0.391097945	-0.03836534
0.40628533	-0.03779127
0.421660854	-0.03717434
0.437115553	-0.03651273
0.452634541	-0.035810127
0.468202853	-0.035070193
0.48380544	-0.034296537
0.499427203	-0.033492709
0.515052999	-0.032662169
0.530667652	-0.031808285
0.546255963	-0.030934309
0.561802728	-0.030043378
0.577292754	-0.029138493
0.5927109	-0.028222519
0.608008858	-0.027302133
0.623075687	-0.026413231
0.637912329	-0.025600843
0.652526582	-0.024903393
0.666923945	-0.024352919
0.681107468	-0.02397545
0.695077714	-0.023791347
0.708832844	-0.023815626
0.722368774	-0.024058271
0.735679454	-0.02452454
0.748757061	-0.025215282
0.76159241	-0.026127275
0.774175176	-0.027253571
0.786494223	-0.028583872
0.798537922	-0.030104928
0.810294332	-0.031800943
0.821751504	-0.033654013
0.83289758	-0.035644546
0.843720998	-0.037751704
0.854210555	-0.039953825
0.864355497	-0.042228829
0.874145531	-0.0445546
0.88357088	-0.046909347
0.892622233	-0.049271909
0.90129076	-0.051622039
0.909568057	-0.053940627
0.917446152	-0.056209895
0.924917447	-0.058413523
0.931974732	-0.060536753
0.938611132	-0.062566422
0.944820136	-0.064490984
0.950595568	-0.066300459
0.955931615	-0.067986378
0.960822826	-0.069541687
0.965264148	-0.070960625
0.969250917	-0.072238591
0.972778902	-0.073371997
0.975844319	-0.074358128
0.978443847	-0.075194977
0.980574651	-0.075881121
0.982234385	-0.076415577
0.983421222	-0.076797712
0.984133854	-0.077027131
0.984371479	-0.077103623
