NACA 2412 theta = -30	
0.974911448	-0.100892273
0.974725227	-0.100725888
0.974166694	-0.10022699
0.973236152	-0.099396302
0.971934081	-0.098235075
0.970261044	-0.096745119
0.968217597	-0.094928865
0.965804172	-0.092789444
0.963020933	-0.09033078
0.959867638	-0.087557708
0.95634348	-0.084476075
0.952446938	-0.081092881
0.948175647	-0.077416418
0.943526261	-0.073456401
0.938494379	-0.069224127
0.933074468	-0.064732613
0.927259875	-0.059996758
0.921042838	-0.055033465
0.914414611	-0.049861793
0.907365595	-0.044503046
0.899885602	-0.038980885
0.891964112	-0.033321352
0.88359068	-0.027552899
0.874755344	-0.021706309
0.865449128	-0.015814587
0.85566456	-0.009912712
0.845396261	-0.004037342
0.834641506	0.001773635
0.82340081	0.007481646
0.811678428	0.013048117
0.799482871	0.018435256
0.786827222	0.02360697
0.773729455	0.02852985
0.760212518	0.033174231
0.746304314	0.037515287
0.732037569	0.041534088
0.717449409	0.045218645
0.702581004	0.048564797
0.687476937	0.05157698
0.672184619	0.054268783
0.656753646	0.056663258
0.641235227	0.058792961
0.625681685	0.060699692
0.61014615	0.062433906
0.594670414	0.064054067
0.579141712	0.06560945
0.563530506	0.06710333
0.547852351	0.06853154
0.532122868	0.069889983
0.516357761	0.071174642
0.500572797	0.072381597
0.4847838	0.073507028
0.469006627	0.074547236
0.453257145	0.075498653
0.437551213	0.076357865
0.42190468	0.077121619
0.406333356	0.077786847
0.390758813	0.078344766
0.375259676	0.078768238
0.359882264	0.079052829
0.344642739	0.079197274
0.329557181	0.079200693
0.31464152	0.079062617
0.299911548	0.078782982
0.285382859	0.078362149
0.271070845	0.077800898
0.256990682	0.077100442
0.243157299	0.076262418
0.229585326	0.075288889
0.216289135	0.074182342
0.203282733	0.072945673
0.190579841	0.071582183
0.178193787	0.070095557
0.166137519	0.068489856
0.154423612	0.066769489
0.143064201	0.064939193
0.132070993	0.063004009
0.121455272	0.060969248
0.111227816	0.058840467
0.101398982	0.056623429
0.091978607	0.054324067
0.082976054	0.051948452
0.07440017	0.049502748
0.066259298	0.046993172
0.058561288	0.044425954
0.051313454	0.041807294
0.044522576	0.039143315
0.038194935	0.036440028
0.032336303	0.033703285
0.026951874	0.030938735
0.022046377	0.02815179
0.017623998	0.025347583
0.013688404	0.022530934
0.010242764	0.019706313
0.0072897	0.016877807
0.004831358	0.014049102
0.002869355	0.011223444
0.001404841	0.008403628
0.000438446	0.005591976
-2.97304E-05	0.002790319
0	0
0.00052317	-0.00274099
0.001534826	-0.005394892
0.003033195	-0.007961055
0.005015943	-0.0104388
0.007480302	-0.01282741
0.01042305	-0.015126141
0.013840474	-0.017334239
0.017728434	-0.019450938
0.022082316	-0.021475488
0.026897107	-0.023407158
0.032167358	-0.025245254
0.037887211	-0.026989143
0.044050439	-0.028638259
0.050650372	-0.030192138
0.057680022	-0.03165042
0.065132032	-0.033012874
0.072998674	-0.034279423
0.081271904	-0.035450153
0.089943372	-0.03652533
0.099004399	-0.037505423
0.108446006	-0.038391113
0.118258942	-0.039183302
0.128433658	-0.039883135
0.138960379	-0.040491997
0.149829017	-0.041011524
0.161029282	-0.041443607
0.172550615	-0.041790396
0.184382223	-0.042054291
0.196513105	-0.042237948
0.208932015	-0.042344261
0.221627487	-0.042376366
0.23458788	-0.042337616
0.247801285	-0.04223158
0.261255644	-0.042062012
0.274938655	-0.041832846
0.288837849	-0.041548167
0.302940562	-0.041212188
0.317233928	-0.040829233
0.331704899	-0.040403706
0.346340267	-0.039940068
0.36112663	-0.039442804
0.376050436	-0.038916407
0.391097945	-0.03836534
0.40628533	-0.03779127
0.421660854	-0.03717434
0.437115553	-0.03651273
0.452634541	-0.035810127
0.468202853	-0.035070193
0.48380544	-0.034296537
0.499427203	-0.033492709
0.515052999	-0.032662169
0.530667652	-0.031808285
0.546255963	-0.030934309
0.561802728	-0.030043378
0.577292754	-0.029138493
0.5927109	-0.028222519
0.607996793	-0.027303565
0.62300459	-0.026429447
0.637740841	-0.025660032
0.65222112	-0.025045941
0.666457484	-0.024629062
0.680458258	-0.024443214
0.69422801	-0.024514702
0.70776773	-0.024862812
0.721075118	-0.025500239
0.734145048	-0.026433498
0.74696995	-0.027663312
0.759540428	-0.029185043
0.771845681	-0.030989118
0.783874028	-0.033061499
0.795613378	-0.035384197
0.807051569	-0.037935802
0.818176758	-0.040692051
0.828977605	-0.043626406
0.839443509	-0.046710634
0.84956467	-0.049915384
0.85933216	-0.05321074
0.868737883	-0.056566735
0.877774559	-0.059953838
0.886435597	-0.063343372
0.894715025	-0.066707895
0.902607343	-0.070021491
0.910107456	-0.073260041
0.917210538	-0.07640138
0.923911986	-0.079425446
0.930207321	-0.082314313
0.936092184	-0.085052223
0.941562286	-0.08762552
0.94661343	-0.090022582
0.95124152	-0.092233681
0.955442603	-0.094250837
0.959212893	-0.096067639
0.962548831	-0.097679045
0.965447135	-0.099081203
0.967904847	-0.100271237
0.96991938	-0.101247073
0.971488556	-0.10200726
0.97261065	-0.102550836
0.973284415	-0.1028772
0.973509081	-0.102986018
