NACA 2412 theta = -36	
0.965282645	-0.119561744
0.965114836	-0.119376805
0.96461151	-0.118822256
0.963772884	-0.117898846
0.962599278	-0.116607872
0.961091011	-0.114951208
0.95924827	-0.112931365
0.957070969	-0.110551581
0.954558565	-0.107815906
0.951709875	-0.104729332
0.94852287	-0.101297899
0.944994484	-0.097528847
0.941120439	-0.093430774
0.93689507	-0.089013782
0.932311206	-0.084289669
0.927360082	-0.079272101
0.922031325	-0.073976824
0.916312966	-0.068421828
0.910191583	-0.062627574
0.903652462	-0.056617142
0.896679919	-0.050416423
0.889257637	-0.044054211
0.881369176	-0.037562307
0.872998507	-0.030975502
0.864130677	-0.024331505
0.854752491	-0.01767072
0.844853306	-0.011035937
0.834425781	-0.004471825
0.823466676	0.001975703
0.811977537	0.008260337
0.799965384	0.014336339
0.78744316	0.020159728
0.774430141	0.02568954
0.760952035	0.030889232
0.747040935	0.0357281
0.732735073	0.040182687
0.718078233	0.044238141
0.703119169	0.047889373
0.687910713	0.051142036
0.672508919	0.054013206
0.656972159	0.056531719
0.641360334	0.058738134
0.625734225	0.060684288
0.610155137	0.062432401
0.594670414	0.064054067
0.579141712	0.06560945
0.563530506	0.06710333
0.547852351	0.06853154
0.532122868	0.069889983
0.516357761	0.071174642
0.500572797	0.072381597
0.4847838	0.073507028
0.469006627	0.074547236
0.453257145	0.075498653
0.437551213	0.076357865
0.42190468	0.077121619
0.406333356	0.077786847
0.390758813	0.078344766
0.375259676	0.078768238
0.359882264	0.079052829
0.344642739	0.079197274
0.329557181	0.079200693
0.31464152	0.079062617
0.299911548	0.078782982
0.285382859	0.078362149
0.271070845	0.077800898
0.256990682	0.077100442
0.243157299	0.076262418
0.229585326	0.075288889
0.216289135	0.074182342
0.203282733	0.072945673
0.190579841	0.071582183
0.178193787	0.070095557
0.166137519	0.068489856
0.154423612	0.066769489
0.143064201	0.064939193
0.132070993	0.063004009
0.121455272	0.060969248
0.111227816	0.058840467
0.101398982	0.056623429
0.091978607	0.054324067
0.082976054	0.051948452
0.07440017	0.049502748
0.066259298	0.046993172
0.058561288	0.044425954
0.051313454	0.041807294
0.044522576	0.039143315
0.038194935	0.036440028
0.032336303	0.033703285
0.026951874	0.030938735
0.022046377	0.02815179
0.017623998	0.025347583
0.013688404	0.022530934
0.010242764	0.019706313
0.0072897	0.016877807
0.004831358	0.014049102
0.002869355	0.011223444
0.001404841	0.008403628
0.000438446	0.005591976
-2.97304E-05	0.002790319
0	0
0.00052317	-0.00274099
0.001534826	-0.005394892
0.003033195	-0.007961055
0.005015943	-0.0104388
0.007480302	-0.01282741
0.01042305	-0.015126141
0.013840474	-0.017334239
0.017728434	-0.019450938
0.022082316	-0.021475488
0.026897107	-0.023407158
0.032167358	-0.025245254
0.037887211	-0.026989143
0.044050439	-0.028638259
0.050650372	-0.030192138
0.057680022	-0.03165042
0.065132032	-0.033012874
0.072998674	-0.034279423
0.081271904	-0.035450153
0.089943372	-0.03652533
0.099004399	-0.037505423
0.108446006	-0.038391113
0.118258942	-0.039183302
0.128433658	-0.039883135
0.138960379	-0.040491997
0.149829017	-0.041011524
0.161029282	-0.041443607
0.172550615	-0.041790396
0.184382223	-0.042054291
0.196513105	-0.042237948
0.208932015	-0.042344261
0.221627487	-0.042376366
0.23458788	-0.042337616
0.247801285	-0.04223158
0.261255644	-0.042062012
0.274938655	-0.041832846
0.288837849	-0.041548167
0.302940562	-0.041212188
0.317233928	-0.040829233
0.331704899	-0.040403706
0.346340267	-0.039940068
0.36112663	-0.039442804
0.376050436	-0.038916407
0.391097945	-0.03836534
0.40628533	-0.03779127
0.421660854	-0.03717434
0.437115553	-0.03651273
0.452634541	-0.035810127
0.468202853	-0.035070193
0.48380544	-0.034296537
0.499427203	-0.033492709
0.515052999	-0.032662169
0.530667652	-0.031808285
0.546255963	-0.030934309
0.561802728	-0.030043378
0.577292754	-0.029138493
0.5927109	-0.028222519
0.607987744	-0.027304637
0.622951256	-0.026441533
0.637612128	-0.025703974
0.651991605	-0.025151394
0.666106399	-0.024832705
0.679968411	-0.024787217
0.693584738	-0.025045395
0.706957938	-0.025629482
0.720086448	-0.026554025
0.732965202	-0.027826353
0.745586194	-0.029447018
0.757939281	-0.031410275
0.770012786	-0.03370456
0.781794185	-0.036313037
0.793270733	-0.039214187
0.804429921	-0.042382432
0.815259958	-0.045788815
0.825750013	-0.049401682
0.835890475	-0.05318739
0.84567301	-0.057110995
0.8550906	-0.061136912
0.864137441	-0.065229536
0.872808857	-0.069353822
0.88110109	-0.07347577
0.889011135	-0.077562876
0.896536514	-0.081584475
0.903675115	-0.08551204
0.910424991	-0.089319373
0.916784246	-0.092982758
0.922750891	-0.096481005
0.928322806	-0.099795474
0.933497669	-0.102909999
0.938272975	-0.105810797
0.942646043	-0.108486316
0.946614078	-0.110927054
0.950174217	-0.113125351
0.953323615	-0.115075162
0.956059527	-0.116771847
0.958379381	-0.118211919
0.960280859	-0.119392847
0.961761964	-0.120312846
0.962821086	-0.120970724
0.963457044	-0.121365726
0.963669105	-0.121497432
