NACA 2412 theta = 16	
0.996867013	0.057661596
0.996617967	0.057643221
0.995871119	0.057588017
0.994627248	0.057495743
0.99288769	0.057366032
0.990654317	0.057198441
0.987929549	0.056992517
0.984716371	0.056747886
0.981018332	0.05646435
0.976839574	0.056141996
0.972184819	0.055781317
0.967059383	0.055383325
0.961469193	0.054949676
0.955420762	0.054482773
0.948921205	0.053985874
0.941978218	0.053463169
0.934600088	0.052919853
0.926795645	0.052362161
0.918574287	0.051797384
0.909945912	0.051233852
0.900920936	0.05068089
0.891510217	0.050148728
0.881725065	0.049648394
0.871577163	0.049191559
0.861078545	0.048790355
0.8502415	0.048457166
0.839078538	0.048204389
0.827602275	0.048044172
0.815825357	0.04798813
0.803760314	0.048047052
0.791419471	0.048230601
0.778814747	0.048546994
0.76595755	0.049002707
0.752858556	0.04960216
0.739527549	0.050347427
0.725973277	0.051237944
0.712203184	0.052270241
0.69822336	0.053437673
0.684038323	0.054730166
0.66965096	0.056133972
0.655062458	0.057631431
0.640272316	0.059200728
0.625278421	0.060815661
0.610077235	0.062445389
0.594670414	0.064054067
0.579141712	0.06560945
0.563530506	0.06710333
0.547852351	0.06853154
0.532122868	0.069889983
0.516357761	0.071174642
0.500572797	0.072381597
0.4847838	0.073507028
0.469006627	0.074547236
0.453257145	0.075498653
0.437551213	0.076357865
0.42190468	0.077121619
0.406333356	0.077786847
0.390758813	0.078344766
0.375259676	0.078768238
0.359882264	0.079052829
0.344642739	0.079197274
0.329557181	0.079200693
0.31464152	0.079062617
0.299911548	0.078782982
0.285382859	0.078362149
0.271070845	0.077800898
0.256990682	0.077100442
0.243157299	0.076262418
0.229585326	0.075288889
0.216289135	0.074182342
0.203282733	0.072945673
0.190579841	0.071582183
0.178193787	0.070095557
0.166137519	0.068489856
0.154423612	0.066769489
0.143064201	0.064939193
0.132070993	0.063004009
0.121455272	0.060969248
0.111227816	0.058840467
0.101398982	0.056623429
0.091978607	0.054324067
0.082976054	0.051948452
0.07440017	0.049502748
0.066259298	0.046993172
0.058561288	0.044425954
0.051313454	0.041807294
0.044522576	0.039143315
0.038194935	0.036440028
0.032336303	0.033703285
0.026951874	0.030938735
0.022046377	0.02815179
0.017623998	0.025347583
0.013688404	0.022530934
0.010242764	0.019706313
0.0072897	0.016877807
0.004831358	0.014049102
0.002869355	0.011223444
0.001404841	0.008403628
0.000438446	0.005591976
-2.97304E-05	0.002790319
0	0
0.00052317	-0.00274099
0.001534826	-0.005394892
0.003033195	-0.007961055
0.005015943	-0.0104388
0.007480302	-0.01282741
0.01042305	-0.015126141
0.013840474	-0.017334239
0.017728434	-0.019450938
0.022082316	-0.021475488
0.026897107	-0.023407158
0.032167358	-0.025245254
0.037887211	-0.026989143
0.044050439	-0.028638259
0.050650372	-0.030192138
0.057680022	-0.03165042
0.065132032	-0.033012874
0.072998674	-0.034279423
0.081271904	-0.035450153
0.089943372	-0.03652533
0.099004399	-0.037505423
0.108446006	-0.038391113
0.118258942	-0.039183302
0.128433658	-0.039883135
0.138960379	-0.040491997
0.149829017	-0.041011524
0.161029282	-0.041443607
0.172550615	-0.041790396
0.184382223	-0.042054291
0.196513105	-0.042237948
0.208932015	-0.042344261
0.221627487	-0.042376366
0.23458788	-0.042337616
0.247801285	-0.04223158
0.261255644	-0.042062012
0.274938655	-0.041832846
0.288837849	-0.041548167
0.302940562	-0.041212188
0.317233928	-0.040829233
0.331704899	-0.040403706
0.346340267	-0.039940068
0.36112663	-0.039442804
0.376050436	-0.038916407
0.391097945	-0.03836534
0.40628533	-0.03779127
0.421660854	-0.03717434
0.437115553	-0.03651273
0.452634541	-0.035810127
0.468202853	-0.035070193
0.48380544	-0.034296537
0.499427203	-0.033492709
0.515052999	-0.032662169
0.530667652	-0.031808285
0.546255963	-0.030934309
0.561802728	-0.030043378
0.577292754	-0.029138493
0.5927109	-0.028222519
0.608066163	-0.027295288
0.623413151	-0.026334638
0.638724768	-0.025310359
0.653968346	-0.02419607
0.669112071	-0.022969628
0.684125119	-0.021613296
0.698977792	-0.020113782
0.713641686	-0.018462186
0.728089829	-0.016653857
0.742296889	-0.014688145
0.756239215	-0.012568117
0.769895049	-0.010300189
0.783244514	-0.007893741
0.796269661	-0.005360699
0.808954498	-0.002715093
0.821284872	2.7355E-05
0.833248455	0.002849669
0.844834556	0.005733994
0.856034034	0.008661989
0.866839092	0.011615141
0.877243132	0.01457508
0.887240543	0.017523828
0.896826557	0.020444028
0.905997043	0.023319119
0.914748374	0.026133482
0.923077251	0.028872543
0.93098062	0.031522856
0.93845553	0.034072138
0.945499093	0.036509295
0.952108389	0.038824404
0.958280467	0.041008699
0.964012302	0.043054513
0.969300825	0.044955223
0.974142929	0.046705181
0.978535521	0.048299632
0.982475551	0.049734623
0.985960073	0.051006923
0.988986312	0.052113929
0.99155171	0.053053582
0.993653991	0.05382429
0.995291205	0.054424854
0.996461795	0.054854404
0.997164617	0.05511236
0.997398962	0.05519838
