NACA 2412 theta = 12	
0.998768792	0.043656241
0.998519071	0.043655284
0.997770189	0.043652312
0.996522904	0.043647026
0.994778512	0.043638955
0.992538831	0.043627492
0.989806215	0.043611945
0.986583567	0.043591607
0.982874348	0.043565827
0.978682598	0.043534095
0.974012934	0.043496139
0.968870565	0.043452004
0.963261311	0.043402156
0.95719158	0.043347561
0.950668391	0.043289771
0.943699351	0.043230985
0.936292668	0.043174111
0.928457106	0.043122797
0.920202	0.043081452
0.911537194	0.043055237
0.90247305	0.043050039
0.89302037	0.043072418
0.883190394	0.043129521
0.872994721	0.043228984
0.862445281	0.043378797
0.851554238	0.043587153
0.840333952	0.043862275
0.828796878	0.044212216
0.816955498	0.044644661
0.80482219	0.04516669
0.792409176	0.045784563
0.779728343	0.04650347
0.76679119	0.047327305
0.753608652	0.048258416
0.740190994	0.049297383
0.726547727	0.050442784
0.712687402	0.051690984
0.698617617	0.053035921
0.684344851	0.05446891
0.669874452	0.055978458
0.655210594	0.057550085
0.640356304	0.059166155
0.625313519	0.060805726
0.610083228	0.062444395
0.594670414	0.064054067
0.579141712	0.06560945
0.563530506	0.06710333
0.547852351	0.06853154
0.532122868	0.069889983
0.516357761	0.071174642
0.500572797	0.072381597
0.4847838	0.073507028
0.469006627	0.074547236
0.453257145	0.075498653
0.437551213	0.076357865
0.42190468	0.077121619
0.406333356	0.077786847
0.390758813	0.078344766
0.375259676	0.078768238
0.359882264	0.079052829
0.344642739	0.079197274
0.329557181	0.079200693
0.31464152	0.079062617
0.299911548	0.078782982
0.285382859	0.078362149
0.271070845	0.077800898
0.256990682	0.077100442
0.243157299	0.076262418
0.229585326	0.075288889
0.216289135	0.074182342
0.203282733	0.072945673
0.190579841	0.071582183
0.178193787	0.070095557
0.166137519	0.068489856
0.154423612	0.066769489
0.143064201	0.064939193
0.132070993	0.063004009
0.121455272	0.060969248
0.111227816	0.058840467
0.101398982	0.056623429
0.091978607	0.054324067
0.082976054	0.051948452
0.07440017	0.049502748
0.066259298	0.046993172
0.058561288	0.044425954
0.051313454	0.041807294
0.044522576	0.039143315
0.038194935	0.036440028
0.032336303	0.033703285
0.026951874	0.030938735
0.022046377	0.02815179
0.017623998	0.025347583
0.013688404	0.022530934
0.010242764	0.019706313
0.0072897	0.016877807
0.004831358	0.014049102
0.002869355	0.011223444
0.001404841	0.008403628
0.000438446	0.005591976
-2.97304E-05	0.002790319
0	0
0.00052317	-0.00274099
0.001534826	-0.005394892
0.003033195	-0.007961055
0.005015943	-0.0104388
0.007480302	-0.01282741
0.01042305	-0.015126141
0.013840474	-0.017334239
0.017728434	-0.019450938
0.022082316	-0.021475488
0.026897107	-0.023407158
0.032167358	-0.025245254
0.037887211	-0.026989143
0.044050439	-0.028638259
0.050650372	-0.030192138
0.057680022	-0.03165042
0.065132032	-0.033012874
0.072998674	-0.034279423
0.081271904	-0.035450153
0.089943372	-0.03652533
0.099004399	-0.037505423
0.108446006	-0.038391113
0.118258942	-0.039183302
0.128433658	-0.039883135
0.138960379	-0.040491997
0.149829017	-0.041011524
0.161029282	-0.041443607
0.172550615	-0.041790396
0.184382223	-0.042054291
0.196513105	-0.042237948
0.208932015	-0.042344261
0.221627487	-0.042376366
0.23458788	-0.042337616
0.247801285	-0.04223158
0.261255644	-0.042062012
0.274938655	-0.041832846
0.288837849	-0.041548167
0.302940562	-0.041212188
0.317233928	-0.040829233
0.331704899	-0.040403706
0.346340267	-0.039940068
0.36112663	-0.039442804
0.376050436	-0.038916407
0.391097945	-0.03836534
0.40628533	-0.03779127
0.421660854	-0.03717434
0.437115553	-0.03651273
0.452634541	-0.035810127
0.468202853	-0.035070193
0.48380544	-0.034296537
0.499427203	-0.033492709
0.515052999	-0.032662169
0.530667652	-0.031808285
0.546255963	-0.030934309
0.561802728	-0.030043378
0.577292754	-0.029138493
0.5927109	-0.028222519
0.608060131	-0.027296012
0.623377648	-0.026343033
0.638639418	-0.025341662
0.653817326	-0.024272869
0.668883997	-0.023120777
0.683812921	-0.021872748
0.698578541	-0.020519393
0.713156369	-0.019054516
0.727523066	-0.017474998
0.741656586	-0.015780623
0.75553616	-0.013973866
0.76914246	-0.012059637
0.782457545	-0.010045012
0.7954649	-0.007938936
0.808149439	-0.005751915
0.820497413	-0.003495729
0.832496412	-0.001183113
0.844135214	0.001172503
0.85540375	0.003557279
0.866292953	0.005957201
0.876794671	0.008358306
0.886901523	0.010746874
0.89660682	0.013109606
0.905904417	0.015433756
0.91478864	0.017707252
0.923254166	0.019918782
0.931295978	0.022057864
0.938909265	0.024114882
0.946089411	0.026081116
0.95283192	0.027948733
0.959132433	0.029710785
0.96498669	0.031361168
0.970390559	0.03289459
0.97534004	0.034306513
0.979831305	0.035593102
0.983860711	0.036751151
0.987424848	0.037778028
0.990520589	0.038671596
0.993145113	0.03943016
0.995295959	0.040052397
0.996971049	0.040537305
0.998168742	0.040884155
0.998887845	0.041092456
0.999127619	0.041161919
