NACA 2412 theta = 4	
1.000380319	0.015411679
1.000132895	0.015445485
0.999390884	0.015546766
0.998154985	0.015715113
0.996426394	0.015949857
0.99420678	0.016250081
0.991498299	0.01661464
0.988303601	0.017042192
0.98462583	0.017531224
0.980468641	0.018080086
0.975836196	0.018687033
0.97073317	0.019350257
0.965164769	0.020067931
0.959136711	0.020838247
0.952655239	0.021659451
0.945727112	0.022529877
0.938359611	0.023447979
0.930560506	0.024412357
0.922338077	0.025421767
0.91370106	0.026475142
0.904658667	0.027571592
0.895220518	0.028710395
0.88539666	0.02989099
0.875197501	0.031112948
0.864633806	0.032375941
0.853716625	0.033679702
0.842457287	0.035023977
0.830867339	0.036408463
0.818958521	0.037832745
0.806742685	0.039296225
0.794231809	0.040798045
0.781437882	0.042337007
0.768372924	0.043911488
0.755048896	0.045519359
0.74147767	0.047157896
0.727671039	0.048823698
0.713640583	0.050512614
0.699397756	0.052219655
0.684953782	0.053938932
0.670319684	0.055663592
0.655506268	0.057385763
0.640524137	0.059096501
0.625383697	0.060785771
0.610095214	0.062442404
0.594670414	0.064054067
0.579141712	0.06560945
0.563530506	0.06710333
0.547852351	0.06853154
0.532122868	0.069889983
0.516357761	0.071174642
0.500572797	0.072381597
0.4847838	0.073507028
0.469006627	0.074547236
0.453257145	0.075498653
0.437551213	0.076357865
0.42190468	0.077121619
0.406333356	0.077786847
0.390758813	0.078344766
0.375259676	0.078768238
0.359882264	0.079052829
0.344642739	0.079197274
0.329557181	0.079200693
0.31464152	0.079062617
0.299911548	0.078782982
0.285382859	0.078362149
0.271070845	0.077800898
0.256990682	0.077100442
0.243157299	0.076262418
0.229585326	0.075288889
0.216289135	0.074182342
0.203282733	0.072945673
0.190579841	0.071582183
0.178193787	0.070095557
0.166137519	0.068489856
0.154423612	0.066769489
0.143064201	0.064939193
0.132070993	0.063004009
0.121455272	0.060969248
0.111227816	0.058840467
0.101398982	0.056623429
0.091978607	0.054324067
0.082976054	0.051948452
0.07440017	0.049502748
0.066259298	0.046993172
0.058561288	0.044425954
0.051313454	0.041807294
0.044522576	0.039143315
0.038194935	0.036440028
0.032336303	0.033703285
0.026951874	0.030938735
0.022046377	0.02815179
0.017623998	0.025347583
0.013688404	0.022530934
0.010242764	0.019706313
0.0072897	0.016877807
0.004831358	0.014049102
0.002869355	0.011223444
0.001404841	0.008403628
0.000438446	0.005591976
-2.97304E-05	0.002790319
0	0
0.00052317	-0.00274099
0.001534826	-0.005394892
0.003033195	-0.007961055
0.005015943	-0.0104388
0.007480302	-0.01282741
0.01042305	-0.015126141
0.013840474	-0.017334239
0.017728434	-0.019450938
0.022082316	-0.021475488
0.026897107	-0.023407158
0.032167358	-0.025245254
0.037887211	-0.026989143
0.044050439	-0.028638259
0.050650372	-0.030192138
0.057680022	-0.03165042
0.065132032	-0.033012874
0.072998674	-0.034279423
0.081271904	-0.035450153
0.089943372	-0.03652533
0.099004399	-0.037505423
0.108446006	-0.038391113
0.118258942	-0.039183302
0.128433658	-0.039883135
0.138960379	-0.040491997
0.149829017	-0.041011524
0.161029282	-0.041443607
0.172550615	-0.041790396
0.184382223	-0.042054291
0.196513105	-0.042237948
0.208932015	-0.042344261
0.221627487	-0.042376366
0.23458788	-0.042337616
0.247801285	-0.04223158
0.261255644	-0.042062012
0.274938655	-0.041832846
0.288837849	-0.041548167
0.302940562	-0.041212188
0.317233928	-0.040829233
0.331704899	-0.040403706
0.346340267	-0.039940068
0.36112663	-0.039442804
0.376050436	-0.038916407
0.391097945	-0.03836534
0.40628533	-0.03779127
0.421660854	-0.03717434
0.437115553	-0.03651273
0.452634541	-0.035810127
0.468202853	-0.035070193
0.48380544	-0.034296537
0.499427203	-0.033492709
0.515052999	-0.032662169
0.530667652	-0.031808285
0.546255963	-0.030934309
0.561802728	-0.030043378
0.577292754	-0.029138493
0.5927109	-0.028222519
0.608048067	-0.027297458
0.623306628	-0.026359737
0.638468597	-0.025403756
0.653514746	-0.024424816
0.668426209	-0.023419179
0.683184545	-0.022384076
0.69777177	-0.021317696
0.712170397	-0.020219163
0.726363449	-0.0190885
0.740334526	-0.017926573
0.754067739	-0.016735035
0.767547829	-0.015516254
0.780760082	-0.01427324
0.793690361	-0.013009562
0.806325131	-0.011729265
0.818651383	-0.010436789
0.830656695	-0.009136878
0.842329149	-0.007834509
0.853657364	-0.006534798
0.86463044	-0.005242943
0.875237963	-0.00396414
0.885469954	-0.002703532
0.895316894	-0.001466142
0.904769658	-0.00025683
0.913819535	0.000919748
0.922458183	0.002059178
0.930677655	0.003157313
0.938470351	0.004210294
0.945829058	0.005214565
0.952746902	0.006166875
0.959217395	0.007064284
0.965234401	0.007904154
0.970792175	0.008684147
0.975885351	0.009402205
0.980508973	0.01005654
0.98465849	0.010645613
0.988329778	0.011168116
0.991519164	0.011622953
0.994223421	0.012009221
0.996439798	0.012326189
0.99816602	0.012573286
0.999400313	0.012750081
1.000141404	0.012856275
1.000388512	0.012891692
