0.999894792	-0.002277565
0.999651255	-0.002222323
0.998920893	-0.002056758
0.997704359	-0.001781339
0.99600277	-0.001396851
0.993817678	-0.00090439
0.991151075	-0.000305361
0.988005391	0.000398524
0.984383485	0.001205257
0.980288654	0.002112524
0.975724613	0.003117727
0.9706955	0.004217978
0.96520588	0.005410112
0.959260719	0.006690698
0.952865401	0.00805604
0.946025708	0.009502198
0.938747839	0.011024988
0.931038375	0.012620011
0.922904317	0.014282648
0.91435304	0.016008092
0.905392338	0.017791358
0.896030377	0.019627302
0.886275736	0.021510641
0.876137381	0.023435973
0.865624687	0.0253978
0.854747404	0.027390552
0.843515701	0.029408612
0.831940134	0.031446338
0.82003167	0.033498092
0.807801656	0.035558266
0.795261867	0.037621307
0.782424442	0.039681749
0.769301947	0.041734234
0.755907316	0.043773543
0.742253865	0.045794623
0.728355324	0.047792605
0.714225733	0.049762842
0.699879541	0.051700914
0.685331512	0.053602665
0.670596747	0.05546421
0.655690654	0.05728196
0.640628934	0.059052626
0.625427546	0.060773241
0.610102705	0.062441158
0.594670414	0.064054067
0.579141712	0.06560945
0.563530506	0.06710333
0.547852351	0.06853154
0.532122868	0.069889983
0.516357761	0.071174642
0.500572797	0.072381597
0.4847838	0.073507028
0.469006627	0.074547236
0.453257145	0.075498653
0.437551213	0.076357865
0.42190468	0.077121619
0.406333356	0.077786847
0.390758813	0.078344766
0.375259676	0.078768238
0.359882264	0.079052829
0.344642739	0.079197274
0.329557181	0.079200693
0.31464152	0.079062617
0.299911548	0.078782982
0.285382859	0.078362149
0.271070845	0.077800898
0.256990682	0.077100442
0.243157299	0.076262418
0.229585326	0.075288889
0.216289135	0.074182342
0.203282733	0.072945673
0.190579841	0.071582183
0.178193787	0.070095557
0.166137519	0.068489856
0.154423612	0.066769489
0.143064201	0.064939193
0.132070993	0.063004009
0.121455272	0.060969248
0.111227816	0.058840467
0.101398982	0.056623429
0.091978607	0.054324067
0.082976054	0.051948452
0.07440017	0.049502748
0.066259298	0.046993172
0.058561288	0.044425954
0.051313454	0.041807294
0.044522576	0.039143315
0.038194935	0.036440028
0.032336303	0.033703285
0.026951874	0.030938735
0.022046377	0.02815179
0.017623998	0.025347583
0.013688404	0.022530934
0.010242764	0.019706313
0.0072897	0.016877807
0.004831358	0.014049102
0.002869355	0.011223444
0.001404841	0.008403628
0.000438446	0.005591976
-2.97304E-05	0.002790319
0	0
0.00052317	-0.00274099
0.001534826	-0.005394892
0.003033195	-0.007961055
0.005015943	-0.0104388
0.007480302	-0.01282741
0.01042305	-0.015126141
0.013840474	-0.017334239
0.017728434	-0.019450938
0.022082316	-0.021475488
0.026897107	-0.023407158
0.032167358	-0.025245254
0.037887211	-0.026989143
0.044050439	-0.028638259
0.050650372	-0.030192138
0.057680022	-0.03165042
0.065132032	-0.033012874
0.072998674	-0.034279423
0.081271904	-0.035450153
0.089943372	-0.03652533
0.099004399	-0.037505423
0.108446006	-0.038391113
0.118258942	-0.039183302
0.128433658	-0.039883135
0.138960379	-0.040491997
0.149829017	-0.041011524
0.161029282	-0.041443607
0.172550615	-0.041790396
0.184382223	-0.042054291
0.196513105	-0.042237948
0.208932015	-0.042344261
0.221627487	-0.042376366
0.23458788	-0.042337616
0.247801285	-0.04223158
0.261255644	-0.042062012
0.274938655	-0.041832846
0.288837849	-0.041548167
0.302940562	-0.041212188
0.317233928	-0.040829233
0.331704899	-0.040403706
0.346340267	-0.039940068
0.36112663	-0.039442804
0.376050436	-0.038916407
0.391097945	-0.03836534
0.40628533	-0.03779127
0.421660854	-0.03717434
0.437115553	-0.03651273
0.452634541	-0.035810127
0.468202853	-0.035070193
0.48380544	-0.034296537
0.499427203	-0.033492709
0.515052999	-0.032662169
0.530667652	-0.031808285
0.546255963	-0.030934309
0.561802728	-0.030043378
0.577292754	-0.029138493
0.5927109	-0.028222519
0.608040527	-0.027298359
0.623262231	-0.026370118
0.638361752	-0.025442218
0.653325275	-0.024518663
0.668139003	-0.023603036
0.682789174	-0.022698503
0.697262073	-0.021807824
0.711544045	-0.020933369
0.725621489	-0.020077142
0.739480927	-0.019240795
0.75310893	-0.018425663
0.766492245	-0.017632785
0.77961773	-0.016862939
0.792472395	-0.016116673
0.805043461	-0.015394333
0.81731831	-0.014696098
0.829284585	-0.014022008
0.840930133	-0.013372004
0.852243093	-0.01274594
0.863211866	-0.012143627
0.87382517	-0.011564848
0.884072026	-0.011009383
0.893941817	-0.010477027
0.903424267	-0.009967606
0.912509488	-0.009480995
0.921187966	-0.009017119
0.929450611	-0.008575971
0.937288738	-0.008157603
0.944694115	-0.007762138
0.951658936	-0.00738976
0.958175873	-0.007040715
0.964238046	-0.0067153
0.969839066	-0.006413857
0.974973021	-0.006136762
0.979634502	-0.005884413
0.983818588	-0.005657221
0.987520865	-0.005455592
0.990737432	-0.005279924
0.993464898	-0.005130584
0.99570039	-0.005007906
0.997441549	-0.004912174
0.998686543	-0.004843623
0.999434068	-0.004802422
0.999683322	-0.004788677
