NACA 2412 theta = -8	
0.997289929	-0.026903721
0.997054939	-0.026819211
0.996350196	-0.026565871
0.995176279	-0.02614425
0.993534179	-0.025555277
0.991425252	-0.024800276
0.988851213	-0.023880984
0.985814113	-0.022799573
0.982316309	-0.021558685
0.978360453	-0.020161469
0.973949448	-0.018611603
0.969086429	-0.016913341
0.963774753	-0.015071547
0.958017955	-0.01309172
0.951819752	-0.010980034
0.945184023	-0.008743352
0.938114831	-0.006389254
0.930616396	-0.003926034
0.922693156	-0.001362714
0.914349752	0.001290981
0.90559111	0.004024636
0.896422447	0.006827195
0.886849367	0.009687003
0.876877903	0.01259188
0.866514615	0.015529204
0.855766637	0.018486023
0.844641797	0.021449162
0.833148677	0.024405371
0.821296722	0.027341476
0.809096282	0.030244549
0.796558743	0.033102091
0.783696526	0.035902233
0.770523202	0.038633932
0.757053484	0.041287186
0.743303261	0.043853243
0.729289645	0.046324802
0.715030866	0.048696224
0.700546343	0.050963702
0.685856562	0.053125428
0.670983044	0.055181739
0.655948255	0.057135215
0.640775521	0.058990758
0.625488919	0.060755625
0.610113192	0.062439411
0.594670414	0.064054067
0.579141712	0.06560945
0.563530506	0.06710333
0.547852351	0.06853154
0.532122868	0.069889983
0.516357761	0.071174642
0.500572797	0.072381597
0.4847838	0.073507028
0.469006627	0.074547236
0.453257145	0.075498653
0.437551213	0.076357865
0.42190468	0.077121619
0.406333356	0.077786847
0.390758813	0.078344766
0.375259676	0.078768238
0.359882264	0.079052829
0.344642739	0.079197274
0.329557181	0.079200693
0.31464152	0.079062617
0.299911548	0.078782982
0.285382859	0.078362149
0.271070845	0.077800898
0.256990682	0.077100442
0.243157299	0.076262418
0.229585326	0.075288889
0.216289135	0.074182342
0.203282733	0.072945673
0.190579841	0.071582183
0.178193787	0.070095557
0.166137519	0.068489856
0.154423612	0.066769489
0.143064201	0.064939193
0.132070993	0.063004009
0.121455272	0.060969248
0.111227816	0.058840467
0.101398982	0.056623429
0.091978607	0.054324067
0.082976054	0.051948452
0.07440017	0.049502748
0.066259298	0.046993172
0.058561288	0.044425954
0.051313454	0.041807294
0.044522576	0.039143315
0.038194935	0.036440028
0.032336303	0.033703285
0.026951874	0.030938735
0.022046377	0.02815179
0.017623998	0.025347583
0.013688404	0.022530934
0.010242764	0.019706313
0.0072897	0.016877807
0.004831358	0.014049102
0.002869355	0.011223444
0.001404841	0.008403628
0.000438446	0.005591976
-2.97304E-05	0.002790319
0	0
0.00052317	-0.00274099
0.001534826	-0.005394892
0.003033195	-0.007961055
0.005015943	-0.0104388
0.007480302	-0.01282741
0.01042305	-0.015126141
0.013840474	-0.017334239
0.017728434	-0.019450938
0.022082316	-0.021475488
0.026897107	-0.023407158
0.032167358	-0.025245254
0.037887211	-0.026989143
0.044050439	-0.028638259
0.050650372	-0.030192138
0.057680022	-0.03165042
0.065132032	-0.033012874
0.072998674	-0.034279423
0.081271904	-0.035450153
0.089943372	-0.03652533
0.099004399	-0.037505423
0.108446006	-0.038391113
0.118258942	-0.039183302
0.128433658	-0.039883135
0.138960379	-0.040491997
0.149829017	-0.041011524
0.161029282	-0.041443607
0.172550615	-0.041790396
0.184382223	-0.042054291
0.196513105	-0.042237948
0.208932015	-0.042344261
0.221627487	-0.042376366
0.23458788	-0.042337616
0.247801285	-0.04223158
0.261255644	-0.042062012
0.274938655	-0.041832846
0.288837849	-0.041548167
0.302940562	-0.041212188
0.317233928	-0.040829233
0.331704899	-0.040403706
0.346340267	-0.039940068
0.36112663	-0.039442804
0.376050436	-0.038916407
0.391097945	-0.03836534
0.40628533	-0.03779127
0.421660854	-0.03717434
0.437115553	-0.03651273
0.452634541	-0.035810127
0.468202853	-0.035070193
0.48380544	-0.034296537
0.499427203	-0.033492709
0.515052999	-0.032662169
0.530667652	-0.031808285
0.546255963	-0.030934309
0.561802728	-0.030043378
0.577292754	-0.029138493
0.5927109	-0.028222519
0.608029971	-0.02729962
0.623200064	-0.026384577
0.638212064	-0.025495617
0.653059562	-0.0246486
0.667735538	-0.02385701
0.682232338	-0.023132009
0.696541641	-0.022482524
0.710654477	-0.021915339
0.724561236	-0.021435205
0.738251763	-0.021044964
0.751715331	-0.020745679
0.764940814	-0.020536789
0.777916682	-0.020416261
0.790631103	-0.020380754
0.803072051	-0.020425793
0.815227327	-0.020545941
0.827084704	-0.020734973
0.838631928	-0.020986056
0.849856844	-0.02129191
0.860747415	-0.021644978
0.871291809	-0.022037578
0.88147842	-0.022462044
0.891295951	-0.022910856
0.90073342	-0.023376755
0.909780222	-0.023852838
0.918426136	-0.024332641
0.926661385	-0.024810203
0.934476628	-0.025280106
0.941863021	-0.025737509
0.948812191	-0.026178155
0.955316295	-0.026598371
0.961367995	-0.026995046
0.966960498	-0.027365603
0.972087545	-0.027707962
0.976743432	-0.028020486
0.980922996	-0.028301933
0.984621626	-0.028551392
0.987835269	-0.028768236
0.990560414	-0.028952051
0.992794102	-0.029102591
0.99453391	-0.029219726
0.995777965	-0.029303405
0.996524936	-0.02935361
0.996774008	-0.029370344
