NACA 2412 theta = -26	
0.980524164	-0.088014382
0.980326791	-0.087861393
0.979734819	-0.087402671
0.978748607	-0.086638919
0.977368736	-0.085571347
0.97559593	-0.084201704
0.973430981	-0.082532338
0.970874652	-0.080566273
0.96792756	-0.078307291
0.964590065	-0.075760043
0.960862137	-0.072930146
0.956743236	-0.069824308
0.952232208	-0.066450456
0.947327177	-0.062817846
0.94202548	-0.05893721
0.936323616	-0.05482086
0.930217257	-0.050482831
0.923701259	-0.045938966
0.916769775	-0.041207034
0.909416358	-0.036306787
0.901634192	-0.031260024
0.893416292	-0.026090591
0.884755849	-0.020824365
0.875646551	-0.015489165
0.866083001	-0.010114609
0.856061119	-0.00473189
0.84557863	0.000626518
0.834635495	0.005927252
0.823234389	0.011136541
0.811381089	0.016220792
0.799084894	0.021147245
0.786358867	0.02588474
0.773220109	0.030404524
0.759689821	0.034681124
0.745793313	0.038693237
0.731559927	0.042424589
0.717022705	0.045864796
0.702218159	0.049010088
0.687185777	0.051863951
0.671967595	0.054437604
0.656607696	0.056750279
0.641151758	0.058829302
0.62564665	0.060709926
0.610140158	0.062434909
0.594670414	0.064054067
0.579141712	0.06560945
0.563530506	0.06710333
0.547852351	0.06853154
0.532122868	0.069889983
0.516357761	0.071174642
0.500572797	0.072381597
0.4847838	0.073507028
0.469006627	0.074547236
0.453257145	0.075498653
0.437551213	0.076357865
0.42190468	0.077121619
0.406333356	0.077786847
0.390758813	0.078344766
0.375259676	0.078768238
0.359882264	0.079052829
0.344642739	0.079197274
0.329557181	0.079200693
0.31464152	0.079062617
0.299911548	0.078782982
0.285382859	0.078362149
0.271070845	0.077800898
0.256990682	0.077100442
0.243157299	0.076262418
0.229585326	0.075288889
0.216289135	0.074182342
0.203282733	0.072945673
0.190579841	0.071582183
0.178193787	0.070095557
0.166137519	0.068489856
0.154423612	0.066769489
0.143064201	0.064939193
0.132070993	0.063004009
0.121455272	0.060969248
0.111227816	0.058840467
0.101398982	0.056623429
0.091978607	0.054324067
0.082976054	0.051948452
0.07440017	0.049502748
0.066259298	0.046993172
0.058561288	0.044425954
0.051313454	0.041807294
0.044522576	0.039143315
0.038194935	0.036440028
0.032336303	0.033703285
0.026951874	0.030938735
0.022046377	0.02815179
0.017623998	0.025347583
0.013688404	0.022530934
0.010242764	0.019706313
0.0072897	0.016877807
0.004831358	0.014049102
0.002869355	0.011223444
0.001404841	0.008403628
0.000438446	0.005591976
-2.97304E-05	0.002790319
0	0
0.00052317	-0.00274099
0.001534826	-0.005394892
0.003033195	-0.007961055
0.005015943	-0.0104388
0.007480302	-0.01282741
0.01042305	-0.015126141
0.013840474	-0.017334239
0.017728434	-0.019450938
0.022082316	-0.021475488
0.026897107	-0.023407158
0.032167358	-0.025245254
0.037887211	-0.026989143
0.044050439	-0.028638259
0.050650372	-0.030192138
0.057680022	-0.03165042
0.065132032	-0.033012874
0.072998674	-0.034279423
0.081271904	-0.035450153
0.089943372	-0.03652533
0.099004399	-0.037505423
0.108446006	-0.038391113
0.118258942	-0.039183302
0.128433658	-0.039883135
0.138960379	-0.040491997
0.149829017	-0.041011524
0.161029282	-0.041443607
0.172550615	-0.041790396
0.184382223	-0.042054291
0.196513105	-0.042237948
0.208932015	-0.042344261
0.221627487	-0.042376366
0.23458788	-0.042337616
0.247801285	-0.04223158
0.261255644	-0.042062012
0.274938655	-0.041832846
0.288837849	-0.041548167
0.302940562	-0.041212188
0.317233928	-0.040829233
0.331704899	-0.040403706
0.346340267	-0.039940068
0.36112663	-0.039442804
0.376050436	-0.038916407
0.391097945	-0.03836534
0.40628533	-0.03779127
0.421660854	-0.03717434
0.437115553	-0.03651273
0.452634541	-0.035810127
0.468202853	-0.035070193
0.48380544	-0.034296537
0.499427203	-0.033492709
0.515052999	-0.032662169
0.530667652	-0.031808285
0.546255963	-0.030934309
0.561802728	-0.030043378
0.577292754	-0.029138493
0.5927109	-0.028222519
0.608002825	-0.02730285
0.623040141	-0.026421354
0.637826604	-0.025630523
0.652373931	-0.024974944
0.666690954	-0.02449165
0.680783432	-0.024210628
0.694654024	-0.02415527
0.708302414	-0.024342769
0.721725529	-0.024784496
0.734917903	-0.025486357
0.747871964	-0.02644915
0.760578535	-0.027668947
0.773027156	-0.029137482
0.785206503	-0.030842581
0.797104775	-0.032768613
0.808709957	-0.034896959
0.820010158	-0.037206516
0.830993755	-0.039674197
0.841649615	-0.042275439
0.851967153	-0.044984701
0.861936426	-0.047775946
0.871548114	-0.05062309
0.880793543	-0.053500423
0.88966461	-0.056382971
0.898153751	-0.059246836
0.906253849	-0.062069448
0.913958211	-0.064829801
0.921260467	-0.067508597
0.928154562	-0.070088374
0.934634685	-0.07255354
0.940695278	-0.074890398
0.946331	-0.077087093
0.951536753	-0.079133546
0.956307685	-0.081021339
0.960639227	-0.08274358
0.964527103	-0.084294745
0.967967376	-0.085670506
0.970956483	-0.08686757
0.973491262	-0.08788349
0.975568985	-0.08871651
0.977187381	-0.089365414
0.978344665	-0.089829399
0.979039556	-0.09010797
0.979271266	-0.090200851
