NACA 2412 theta = -14	
0.993288169	-0.047728754
0.993063301	-0.047620143
0.992388897	-0.047294525
0.991265469	-0.046752506
0.989693883	-0.045995127
0.987675303	-0.04502388
0.985211165	-0.043840746
0.982303137	-0.042448242
0.978953061	-0.040849474
0.975162914	-0.039048204
0.970934744	-0.037048906
0.966270619	-0.034856841
0.961172596	-0.032478125
0.955642657	-0.029919789
0.949682701	-0.027189851
0.943294512	-0.024297364
0.936479784	-0.021252472
0.929240109	-0.01806643
0.921577051	-0.014751649
0.913492172	-0.011321677
0.904987153	-0.007791197
0.896063857	-0.00417598
0.886724496	-0.00049283
0.876971751	0.003240519
0.86680895	0.007005518
0.856240219	0.010782974
0.845270692	0.014553232
0.833906675	0.018296408
0.822155845	0.021992656
0.810027388	0.025622467
0.797532207	0.029166998
0.784682985	0.032608436
0.771494351	0.035930375
0.757982895	0.03911821
0.744167215	0.042159546
0.730067939	0.045044572
0.715707585	0.047766463
0.701110575	0.050321703
0.686303028	0.0527104
0.67131265	0.054936531
0.656168547	0.057008116
0.640901046	0.058937317
0.62554151	0.060740456
0.610122181	0.062437912
0.594670414	0.064054067
0.579141712	0.06560945
0.563530506	0.06710333
0.547852351	0.06853154
0.532122868	0.069889983
0.516357761	0.071174642
0.500572797	0.072381597
0.4847838	0.073507028
0.469006627	0.074547236
0.453257145	0.075498653
0.437551213	0.076357865
0.42190468	0.077121619
0.406333356	0.077786847
0.390758813	0.078344766
0.375259676	0.078768238
0.359882264	0.079052829
0.344642739	0.079197274
0.329557181	0.079200693
0.31464152	0.079062617
0.299911548	0.078782982
0.285382859	0.078362149
0.271070845	0.077800898
0.256990682	0.077100442
0.243157299	0.076262418
0.229585326	0.075288889
0.216289135	0.074182342
0.203282733	0.072945673
0.190579841	0.071582183
0.178193787	0.070095557
0.166137519	0.068489856
0.154423612	0.066769489
0.143064201	0.064939193
0.132070993	0.063004009
0.121455272	0.060969248
0.111227816	0.058840467
0.101398982	0.056623429
0.091978607	0.054324067
0.082976054	0.051948452
0.07440017	0.049502748
0.066259298	0.046993172
0.058561288	0.044425954
0.051313454	0.041807294
0.044522576	0.039143315
0.038194935	0.036440028
0.032336303	0.033703285
0.026951874	0.030938735
0.022046377	0.02815179
0.017623998	0.025347583
0.013688404	0.022530934
0.010242764	0.019706313
0.0072897	0.016877807
0.004831358	0.014049102
0.002869355	0.011223444
0.001404841	0.008403628
0.000438446	0.005591976
-2.97304E-05	0.002790319
0	0
0.00052317	-0.00274099
0.001534826	-0.005394892
0.003033195	-0.007961055
0.005015943	-0.0104388
0.007480302	-0.01282741
0.01042305	-0.015126141
0.013840474	-0.017334239
0.017728434	-0.019450938
0.022082316	-0.021475488
0.026897107	-0.023407158
0.032167358	-0.025245254
0.037887211	-0.026989143
0.044050439	-0.028638259
0.050650372	-0.030192138
0.057680022	-0.03165042
0.065132032	-0.033012874
0.072998674	-0.034279423
0.081271904	-0.035450153
0.089943372	-0.03652533
0.099004399	-0.037505423
0.108446006	-0.038391113
0.118258942	-0.039183302
0.128433658	-0.039883135
0.138960379	-0.040491997
0.149829017	-0.041011524
0.161029282	-0.041443607
0.172550615	-0.041790396
0.184382223	-0.042054291
0.196513105	-0.042237948
0.208932015	-0.042344261
0.221627487	-0.042376366
0.23458788	-0.042337616
0.247801285	-0.04223158
0.261255644	-0.042062012
0.274938655	-0.041832846
0.288837849	-0.041548167
0.302940562	-0.041212188
0.317233928	-0.040829233
0.331704899	-0.040403706
0.346340267	-0.039940068
0.36112663	-0.039442804
0.376050436	-0.038916407
0.391097945	-0.03836534
0.40628533	-0.03779127
0.421660854	-0.03717434
0.437115553	-0.03651273
0.452634541	-0.035810127
0.468202853	-0.035070193
0.48380544	-0.034296537
0.499427203	-0.033492709
0.515052999	-0.032662169
0.530667652	-0.031808285
0.546255963	-0.030934309
0.561802728	-0.030043378
0.577292754	-0.029138493
0.5927109	-0.028222519
0.608020923	-0.027300698
0.623146766	-0.026396901
0.638083664	-0.02554097
0.652831392	-0.024758628
0.667388462	-0.024071511
0.681752045	-0.023497343
0.695917932	-0.023050105
0.709880562	-0.022740214
0.723633084	-0.022574723
0.737167504	-0.022557522
0.750474738	-0.022689554
0.763544864	-0.022969057
0.776367193	-0.023391805
0.788930455	-0.023951376
0.801222979	-0.02463942
0.813232779	-0.025445948
0.824947751	-0.026359612
0.836355724	-0.027367998
0.847444618	-0.028457909
0.858202486	-0.02961564
0.868617615	-0.03082724
0.878678554	-0.032078762
0.888374198	-0.033356484
0.897693785	-0.034647111
0.906626956	-0.035937952
0.915163744	-0.037217056
0.923294634	-0.03847334
0.931010535	-0.039696661
0.938302837	-0.040877883
0.945163381	-0.042008895
0.951584509	-0.043082616
0.957559041	-0.044092966
0.963080311	-0.045034823
0.968142161	-0.045903957
0.972738962	-0.046696953
0.976865603	-0.047411122
0.98051751	-0.0480444
0.983690649	-0.04859526
0.986381521	-0.049062605
0.988587169	-0.049445683
0.990305172	-0.049743998
0.991533656	-0.049957249
0.992271285	-0.050085258
0.992517242	-0.050127935
