NACA 2412 theta = -38	
0.961761376	-0.12559412
0.961600124	-0.125403437
0.961116457	-0.124831659
0.960310564	-0.123879543
0.959182712	-0.122548396
0.957733133	-0.120840104
0.955961893	-0.118757197
0.953868727	-0.11630293
0.951452853	-0.113481373
0.948712762	-0.110297537
0.945646011	-0.106757485
0.942249004	-0.102868483
0.938516806	-0.098639161
0.934442951	-0.094079669
0.930019317	-0.089201873
0.925236017	-0.084019546
0.920081388	-0.078548583
0.914541997	-0.072807201
0.908602785	-0.066816176
0.902247244	-0.060599023
0.895457751	-0.054182214
0.888215934	-0.047595307
0.880503217	-0.040871071
0.872301397	-0.034045501
0.863593368	-0.027157765
0.854363861	-0.020249997
0.844600306	-0.013366982
0.834293668	-0.006555646
0.823439305	0.000135624
0.812037736	0.006657864
0.800095393	0.012962585
0.787625117	0.019003036
0.774646601	0.02473558
0.761186507	0.030121209
0.747278395	0.035127094
0.732962447	0.039728114
0.718284804	0.043908332
0.703296908	0.047662249
0.688054505	0.050995864
0.672616686	0.05392739
0.657044886	0.056487605
0.64140201	0.058719775
0.625751735	0.06067914
0.610158133	0.062431899
0.594670414	0.064054067
0.579141712	0.06560945
0.563530506	0.06710333
0.547852351	0.06853154
0.532122868	0.069889983
0.516357761	0.071174642
0.500572797	0.072381597
0.4847838	0.073507028
0.469006627	0.074547236
0.453257145	0.075498653
0.437551213	0.076357865
0.42190468	0.077121619
0.406333356	0.077786847
0.390758813	0.078344766
0.375259676	0.078768238
0.359882264	0.079052829
0.344642739	0.079197274
0.329557181	0.079200693
0.31464152	0.079062617
0.299911548	0.078782982
0.285382859	0.078362149
0.271070845	0.077800898
0.256990682	0.077100442
0.243157299	0.076262418
0.229585326	0.075288889
0.216289135	0.074182342
0.203282733	0.072945673
0.190579841	0.071582183
0.178193787	0.070095557
0.166137519	0.068489856
0.154423612	0.066769489
0.143064201	0.064939193
0.132070993	0.063004009
0.121455272	0.060969248
0.111227816	0.058840467
0.101398982	0.056623429
0.091978607	0.054324067
0.082976054	0.051948452
0.07440017	0.049502748
0.066259298	0.046993172
0.058561288	0.044425954
0.051313454	0.041807294
0.044522576	0.039143315
0.038194935	0.036440028
0.032336303	0.033703285
0.026951874	0.030938735
0.022046377	0.02815179
0.017623998	0.025347583
0.013688404	0.022530934
0.010242764	0.019706313
0.0072897	0.016877807
0.004831358	0.014049102
0.002869355	0.011223444
0.001404841	0.008403628
0.000438446	0.005591976
-2.97304E-05	0.002790319
0	0
0.00052317	-0.00274099
0.001534826	-0.005394892
0.003033195	-0.007961055
0.005015943	-0.0104388
0.007480302	-0.01282741
0.01042305	-0.015126141
0.013840474	-0.017334239
0.017728434	-0.019450938
0.022082316	-0.021475488
0.026897107	-0.023407158
0.032167358	-0.025245254
0.037887211	-0.026989143
0.044050439	-0.028638259
0.050650372	-0.030192138
0.057680022	-0.03165042
0.065132032	-0.033012874
0.072998674	-0.034279423
0.081271904	-0.035450153
0.089943372	-0.03652533
0.099004399	-0.037505423
0.108446006	-0.038391113
0.118258942	-0.039183302
0.128433658	-0.039883135
0.138960379	-0.040491997
0.149829017	-0.041011524
0.161029282	-0.041443607
0.172550615	-0.041790396
0.184382223	-0.042054291
0.196513105	-0.042237948
0.208932015	-0.042344261
0.221627487	-0.042376366
0.23458788	-0.042337616
0.247801285	-0.04223158
0.261255644	-0.042062012
0.274938655	-0.041832846
0.288837849	-0.041548167
0.302940562	-0.041212188
0.317233928	-0.040829233
0.331704899	-0.040403706
0.346340267	-0.039940068
0.36112663	-0.039442804
0.376050436	-0.038916407
0.391097945	-0.03836534
0.40628533	-0.03779127
0.421660854	-0.03717434
0.437115553	-0.03651273
0.452634541	-0.035810127
0.468202853	-0.035070193
0.48380544	-0.034296537
0.499427203	-0.033492709
0.515052999	-0.032662169
0.530667652	-0.031808285
0.546255963	-0.030934309
0.561802728	-0.030043378
0.577292754	-0.029138493
0.5927109	-0.028222519
0.607984727	-0.027304994
0.622933475	-0.026445548
0.637569204	-0.025718536
0.651915022	-0.025186268
0.66598914	-0.024899925
0.679804582	-0.024900581
0.693369204	-0.025220029
0.706685985	-0.025881446
0.719753497	-0.026899959
0.732566581	-0.028283136
0.745116972	-0.030031449
0.757394172	-0.032138764
0.769386114	-0.034592843
0.781079918	-0.037375904
0.792462564	-0.040465246
0.803521394	-0.0438339
0.81424463	-0.047451349
0.824621633	-0.051284245
0.834643174	-0.055297166
0.844301483	-0.059453331
0.853590276	-0.063715313
0.862504634	-0.068045678
0.87104088	-0.072407607
0.879196347	-0.076765396
0.886969168	-0.081084935
0.894358025	-0.085334054
0.901361951	-0.089482842
0.907980102	-0.093503839
0.91421162	-0.097372189
0.920055473	-0.10106569
0.925510399	-0.104564806
0.930574831	-0.107852594
0.935246911	-0.110914605
0.939524507	-0.113738719
0.943405267	-0.116314963
0.946886686	-0.118635287
0.949966193	-0.120693337
0.95264125	-0.122484221
0.954909435	-0.124004263
0.956768538	-0.125250786
0.958216629	-0.1262219
0.959252144	-0.126916335
0.959873929	-0.12733329
0.960081264	-0.127472317
