NACA 2412 theta = 6	
1.000252722	0.022488833
1.000004268	0.022513983
0.999259176	0.022589306
0.998018158	0.022714421
0.99628244	0.022888704
0.994053733	0.023111315
0.99133425	0.023381218
0.988126715	0.023697224
0.984434368	0.024058031
0.980260984	0.024462264
0.975610866	0.024908536
0.970488864	0.02539549
0.964900385	0.025921858
0.958851379	0.026486507
0.952348356	0.027088491
0.945398367	0.02772709
0.938009021	0.028401847
0.930188442	0.029112603
0.921945291	0.029859502
0.913288703	0.030643014
0.904228308	0.031463922
0.894774156	0.032323307
0.884936723	0.033222522
0.874726846	0.034163147
0.864155699	0.035146932
0.853234722	0.036175732
0.841975597	0.037251424
0.830390173	0.038375817
0.818490428	0.039550549
0.80628838	0.04077698
0.793796072	0.042056074
0.78102545	0.043388276
0.767988363	0.044773392
0.754696453	0.046210461
0.74116111	0.04769763
0.72739346	0.049232032
0.713404223	0.050809672
0.699203783	0.052425309
0.684802071	0.054072357
0.670208598	0.055742788
0.655432425	0.057427047
0.640482197	0.059113978
0.625366154	0.06079077
0.610092217	0.062442902
0.594670414	0.064054067
0.579141712	0.06560945
0.563530506	0.06710333
0.547852351	0.06853154
0.532122868	0.069889983
0.516357761	0.071174642
0.500572797	0.072381597
0.4847838	0.073507028
0.469006627	0.074547236
0.453257145	0.075498653
0.437551213	0.076357865
0.42190468	0.077121619
0.406333356	0.077786847
0.390758813	0.078344766
0.375259676	0.078768238
0.359882264	0.079052829
0.344642739	0.079197274
0.329557181	0.079200693
0.31464152	0.079062617
0.299911548	0.078782982
0.285382859	0.078362149
0.271070845	0.077800898
0.256990682	0.077100442
0.243157299	0.076262418
0.229585326	0.075288889
0.216289135	0.074182342
0.203282733	0.072945673
0.190579841	0.071582183
0.178193787	0.070095557
0.166137519	0.068489856
0.154423612	0.066769489
0.143064201	0.064939193
0.132070993	0.063004009
0.121455272	0.060969248
0.111227816	0.058840467
0.101398982	0.056623429
0.091978607	0.054324067
0.082976054	0.051948452
0.07440017	0.049502748
0.066259298	0.046993172
0.058561288	0.044425954
0.051313454	0.041807294
0.044522576	0.039143315
0.038194935	0.036440028
0.032336303	0.033703285
0.026951874	0.030938735
0.022046377	0.02815179
0.017623998	0.025347583
0.013688404	0.022530934
0.010242764	0.019706313
0.0072897	0.016877807
0.004831358	0.014049102
0.002869355	0.011223444
0.001404841	0.008403628
0.000438446	0.005591976
-2.97304E-05	0.002790319
0	0
0.00052317	-0.00274099
0.001534826	-0.005394892
0.003033195	-0.007961055
0.005015943	-0.0104388
0.007480302	-0.01282741
0.01042305	-0.015126141
0.013840474	-0.017334239
0.017728434	-0.019450938
0.022082316	-0.021475488
0.026897107	-0.023407158
0.032167358	-0.025245254
0.037887211	-0.026989143
0.044050439	-0.028638259
0.050650372	-0.030192138
0.057680022	-0.03165042
0.065132032	-0.033012874
0.072998674	-0.034279423
0.081271904	-0.035450153
0.089943372	-0.03652533
0.099004399	-0.037505423
0.108446006	-0.038391113
0.118258942	-0.039183302
0.128433658	-0.039883135
0.138960379	-0.040491997
0.149829017	-0.041011524
0.161029282	-0.041443607
0.172550615	-0.041790396
0.184382223	-0.042054291
0.196513105	-0.042237948
0.208932015	-0.042344261
0.221627487	-0.042376366
0.23458788	-0.042337616
0.247801285	-0.04223158
0.261255644	-0.042062012
0.274938655	-0.041832846
0.288837849	-0.041548167
0.302940562	-0.041212188
0.317233928	-0.040829233
0.331704899	-0.040403706
0.346340267	-0.039940068
0.36112663	-0.039442804
0.376050436	-0.038916407
0.391097945	-0.03836534
0.40628533	-0.03779127
0.421660854	-0.03717434
0.437115553	-0.03651273
0.452634541	-0.035810127
0.468202853	-0.035070193
0.48380544	-0.034296537
0.499427203	-0.033492709
0.515052999	-0.032662169
0.530667652	-0.031808285
0.546255963	-0.030934309
0.561802728	-0.030043378
0.577292754	-0.029138493
0.5927109	-0.028222519
0.608051083	-0.027297096
0.623324385	-0.026355571
0.638511318	-0.025388296
0.653590458	-0.024387036
0.668540859	-0.023345066
0.68334213	-0.022257193
0.697974482	-0.021119742
0.712418779	-0.019930519
0.726656564	-0.018688756
0.740670141	-0.017395025
0.75444251	-0.016051147
0.767957493	-0.01466007
0.781199653	-0.01322576
0.794154319	-0.011753065
0.806807605	-0.010247576
0.819146328	-0.008715505
0.831158056	-0.007163538
0.842831003	-0.005598716
0.854154051	-0.004028303
0.865116673	-0.002459676
0.875708919	-0.000900214
0.885921343	0.000642792
0.895745007	0.002162237
0.905171402	0.003651263
0.914192442	0.00510333
0.922800409	0.006512259
0.930987961	0.007872278
0.938748078	0.009178044
0.946074084	0.010424667
0.9529596	0.011607706
0.959398582	0.012723181
0.965385286	0.01376755
0.970914301	0.014737705
0.975980551	0.015630941
0.980579316	0.016444934
0.984706235	0.017177711
0.988357335	0.017827619
0.991529058	0.01839329
0.994218264	0.018873615
0.996422264	0.01926771
0.998138825	0.019574893
0.9993662	0.019794654
1.000103134	0.019926648
1.000348855	0.019970667
