NACA 2412 theta = 14	
0.997908677	0.050673053
0.997659141	0.050663381
0.99691082	0.050634275
0.995664483	0.050585465
0.993921447	0.050516532
0.991683558	0.05042695
0.988953206	0.050316145
0.985733339	0.050183576
0.982027469	0.050028817
0.977839693	0.049851655
0.973174692	0.049652199
0.968037742	0.049430975
0.962434732	0.049189042
0.956372145	0.048928082
0.949857072	0.048650496
0.942897192	0.048359478
0.935500785	0.048059076
0.927676685	0.047754229
0.919434296	0.047450785
0.910783533	0.047155487
0.901734827	0.046875942
0.892299052	0.046620543
0.882487528	0.04639838
0.872311938	0.046219106
0.861784302	0.046092787
0.850916884	0.046029716
0.839722146	0.046040208
0.828212649	0.046134372
0.816400974	0.046321865
0.804299581	0.046611634
0.791920746	0.04701165
0.779276364	0.047528631
0.766377874	0.048167773
0.75323606	0.048932473
0.739860919	0.049824067
0.726261551	0.050841574
0.712445919	0.051981445
0.698420833	0.053237331
0.684191757	0.05459985
0.669762779	0.056056375
0.65513655	0.057590826
0.640314316	0.059183462
0.625295971	0.060810697
0.610080231	0.062444892
0.594670414	0.064054067
0.579141712	0.06560945
0.563530506	0.06710333
0.547852351	0.06853154
0.532122868	0.069889983
0.516357761	0.071174642
0.500572797	0.072381597
0.4847838	0.073507028
0.469006627	0.074547236
0.453257145	0.075498653
0.437551213	0.076357865
0.42190468	0.077121619
0.406333356	0.077786847
0.390758813	0.078344766
0.375259676	0.078768238
0.359882264	0.079052829
0.344642739	0.079197274
0.329557181	0.079200693
0.31464152	0.079062617
0.299911548	0.078782982
0.285382859	0.078362149
0.271070845	0.077800898
0.256990682	0.077100442
0.243157299	0.076262418
0.229585326	0.075288889
0.216289135	0.074182342
0.203282733	0.072945673
0.190579841	0.071582183
0.178193787	0.070095557
0.166137519	0.068489856
0.154423612	0.066769489
0.143064201	0.064939193
0.132070993	0.063004009
0.121455272	0.060969248
0.111227816	0.058840467
0.101398982	0.056623429
0.091978607	0.054324067
0.082976054	0.051948452
0.07440017	0.049502748
0.066259298	0.046993172
0.058561288	0.044425954
0.051313454	0.041807294
0.044522576	0.039143315
0.038194935	0.036440028
0.032336303	0.033703285
0.026951874	0.030938735
0.022046377	0.02815179
0.017623998	0.025347583
0.013688404	0.022530934
0.010242764	0.019706313
0.0072897	0.016877807
0.004831358	0.014049102
0.002869355	0.011223444
0.001404841	0.008403628
0.000438446	0.005591976
-2.97304E-05	0.002790319
0	0
0.00052317	-0.00274099
0.001534826	-0.005394892
0.003033195	-0.007961055
0.005015943	-0.0104388
0.007480302	-0.01282741
0.01042305	-0.015126141
0.013840474	-0.017334239
0.017728434	-0.019450938
0.022082316	-0.021475488
0.026897107	-0.023407158
0.032167358	-0.025245254
0.037887211	-0.026989143
0.044050439	-0.028638259
0.050650372	-0.030192138
0.057680022	-0.03165042
0.065132032	-0.033012874
0.072998674	-0.034279423
0.081271904	-0.035450153
0.089943372	-0.03652533
0.099004399	-0.037505423
0.108446006	-0.038391113
0.118258942	-0.039183302
0.128433658	-0.039883135
0.138960379	-0.040491997
0.149829017	-0.041011524
0.161029282	-0.041443607
0.172550615	-0.041790396
0.184382223	-0.042054291
0.196513105	-0.042237948
0.208932015	-0.042344261
0.221627487	-0.042376366
0.23458788	-0.042337616
0.247801285	-0.04223158
0.261255644	-0.042062012
0.274938655	-0.041832846
0.288837849	-0.041548167
0.302940562	-0.041212188
0.317233928	-0.040829233
0.331704899	-0.040403706
0.346340267	-0.039940068
0.36112663	-0.039442804
0.376050436	-0.038916407
0.391097945	-0.03836534
0.40628533	-0.03779127
0.421660854	-0.03717434
0.437115553	-0.03651273
0.452634541	-0.035810127
0.468202853	-0.035070193
0.48380544	-0.034296537
0.499427203	-0.033492709
0.515052999	-0.032662169
0.530667652	-0.031808285
0.546255963	-0.030934309
0.561802728	-0.030043378
0.577292754	-0.029138493
0.5927109	-0.028222519
0.608063147	-0.02729565
0.6233954	-0.026338839
0.638682098	-0.025326032
0.653892858	-0.024234538
0.668998103	-0.023045365
0.683969188	-0.021743337
0.698778516	-0.020317123
0.713399676	-0.018759179
0.727807552	-0.017065615
0.741978492	-0.015235988
0.755890324	-0.013273051
0.769522539	-0.011182445
0.782856254	-0.008972376
0.795874255	-0.00665325
0.808561016	-0.00423731
0.820902585	-0.001738282
0.832886585	0.000828999
0.844502045	0.003448909
0.855739334	0.006105369
0.866589991	0.008782121
0.877046604	0.011463003
0.887102636	0.014132158
0.896752318	0.016774252
0.905990467	0.019374617
0.91481239	0.021919391
0.923213733	0.024395615
0.93119042	0.026791302
0.938738532	0.029095485
0.945854284	0.031298235
0.952533934	0.033390656
0.958773803	0.035364873
0.964570222	0.037213984
0.96991957	0.038932018
0.97481828	0.04051387
0.979262875	0.041955234
0.983249998	0.043252525
0.986776463	0.044402802
0.989839313	0.045403692
0.992435853	0.046253315
0.994563712	0.046950211
0.996220873	0.047493277
0.997405736	0.047881714
0.998117132	0.048114985
0.998354336	0.048192773
