NACA 2412 theta = 18	
0.995644753	0.064616643
0.9953965	0.064589587
0.994652034	0.064508353
0.993412145	0.064372727
0.991678184	0.064182398
0.989452045	0.063937005
0.986736173	0.063636216
0.983533582	0.063279828
0.97984785	0.062867873
0.975683141	0.062400738
0.971044201	0.061879307
0.965936359	0.061305078
0.960365545	0.060680306
0.954338262	0.060008122
0.947861599	0.059292639
0.940943212	0.05853905
0.933591329	0.057753697
0.925814708	0.056944113
0.917622657	0.056119033
0.909024977	0.055288373
0.90003198	0.054463174
0.890654423	0.053655503
0.880903516	0.05287832
0.870790858	0.052145304
0.86032842	0.05147065
0.849528448	0.05086882
0.838403437	0.050354283
0.826966015	0.049941206
0.815228864	0.049643149
0.803204561	0.049472722
0.790905487	0.049441257
0.778343594	0.049558453
0.765530292	0.049832039
0.752476192	0.050267437
0.739190916	0.050867438
0.725682925	0.051631882
0.711959208	0.052557366
0.698025205	0.053636945
0.683884552	0.054859857
0.669538999	0.056211248
0.654988315	0.0576719
0.640230304	0.059217952
0.62526087	0.060820617
0.610074238	0.062445886
0.594670414	0.064054067
0.579141712	0.06560945
0.563530506	0.06710333
0.547852351	0.06853154
0.532122868	0.069889983
0.516357761	0.071174642
0.500572797	0.072381597
0.4847838	0.073507028
0.469006627	0.074547236
0.453257145	0.075498653
0.437551213	0.076357865
0.42190468	0.077121619
0.406333356	0.077786847
0.390758813	0.078344766
0.375259676	0.078768238
0.359882264	0.079052829
0.344642739	0.079197274
0.329557181	0.079200693
0.31464152	0.079062617
0.299911548	0.078782982
0.285382859	0.078362149
0.271070845	0.077800898
0.256990682	0.077100442
0.243157299	0.076262418
0.229585326	0.075288889
0.216289135	0.074182342
0.203282733	0.072945673
0.190579841	0.071582183
0.178193787	0.070095557
0.166137519	0.068489856
0.154423612	0.066769489
0.143064201	0.064939193
0.132070993	0.063004009
0.121455272	0.060969248
0.111227816	0.058840467
0.101398982	0.056623429
0.091978607	0.054324067
0.082976054	0.051948452
0.07440017	0.049502748
0.066259298	0.046993172
0.058561288	0.044425954
0.051313454	0.041807294
0.044522576	0.039143315
0.038194935	0.036440028
0.032336303	0.033703285
0.026951874	0.030938735
0.022046377	0.02815179
0.017623998	0.025347583
0.013688404	0.022530934
0.010242764	0.019706313
0.0072897	0.016877807
0.004831358	0.014049102
0.002869355	0.011223444
0.001404841	0.008403628
0.000438446	0.005591976
-2.97304E-05	0.002790319
0	0
0.00052317	-0.00274099
0.001534826	-0.005394892
0.003033195	-0.007961055
0.005015943	-0.0104388
0.007480302	-0.01282741
0.01042305	-0.015126141
0.013840474	-0.017334239
0.017728434	-0.019450938
0.022082316	-0.021475488
0.026897107	-0.023407158
0.032167358	-0.025245254
0.037887211	-0.026989143
0.044050439	-0.028638259
0.050650372	-0.030192138
0.057680022	-0.03165042
0.065132032	-0.033012874
0.072998674	-0.034279423
0.081271904	-0.035450153
0.089943372	-0.03652533
0.099004399	-0.037505423
0.108446006	-0.038391113
0.118258942	-0.039183302
0.128433658	-0.039883135
0.138960379	-0.040491997
0.149829017	-0.041011524
0.161029282	-0.041443607
0.172550615	-0.041790396
0.184382223	-0.042054291
0.196513105	-0.042237948
0.208932015	-0.042344261
0.221627487	-0.042376366
0.23458788	-0.042337616
0.247801285	-0.04223158
0.261255644	-0.042062012
0.274938655	-0.041832846
0.288837849	-0.041548167
0.302940562	-0.041212188
0.317233928	-0.040829233
0.331704899	-0.040403706
0.346340267	-0.039940068
0.36112663	-0.039442804
0.376050436	-0.038916407
0.391097945	-0.03836534
0.40628533	-0.03779127
0.421660854	-0.03717434
0.437115553	-0.03651273
0.452634541	-0.035810127
0.468202853	-0.035070193
0.48380544	-0.034296537
0.499427203	-0.033492709
0.515052999	-0.032662169
0.530667652	-0.031808285
0.546255963	-0.030934309
0.561802728	-0.030043378
0.577292754	-0.029138493
0.5927109	-0.028222519
0.608069179	-0.027294926
0.623430901	-0.026330429
0.638767427	-0.025294643
0.654043788	-0.024157464
0.6692259	-0.022893568
0.684280711	-0.021482627
0.699176364	-0.019909371
0.713882388	-0.018163544
0.728369879	-0.016239737
0.742611746	-0.014137122
0.756582783	-0.011859112
0.770259922	-0.009412944
0.783622234	-0.006809228
0.796651001	-0.00406146
0.809329745	-0.001185516
0.821644109	0.001800836
0.833581834	0.004878434
0.845132543	0.00802716
0.856287634	0.011226381
0.86704004	0.01445532
0.877384048	0.017693401
0.887315051	0.020920527
0.896829372	0.024117347
0.905924016	0.02726543
0.914596508	0.030347437
0.922844689	0.033347222
0.930666607	0.036249918
0.938060352	0.039041973
0.945024003	0.041711169
0.951555518	0.0442466
0.957652733	0.046638647
0.963313309	0.048878908
0.968534767	0.050960144
0.973314498	0.052876186
0.977649816	0.05462185
0.981537998	0.056192837
0.984976356	0.057585634
0.98796231	0.058797418
0.990493445	0.059825963
0.992567588	0.060669548
0.99418286	0.061326878
0.99533775	0.061797019
0.996031143	0.062079346
0.996262342	0.062173492
